Geneid	FimA_del	WT	FimA_over
thrL	138	59	50
thrA	51147	50519	112826
thrB	9033	10154	18481
thrC	12119	13086	16437
yaaX	174	153	146
yaaA	347	241	61
yaaJ	1035	672	171
talB	3690	1870	2390
mog	343	246	232
satP	326	328	416
yaaW	129	53	36
mbiA	0	0	0
yaaI	116	62	23
dnaK	37388	79266	27416
dnaJ	3847	9982	1172
insL1	1610	1653	616
mokC	11	14	5
hokC	0	0	0
sokC	26	21	10
nhaA	5039	7128	1541
nhaR	951	931	693
insB1	317	166	156
insA1	166	85	78
rpsT	470	493	791
yaaY	150	94	123
ribF	802	674	1153
ileS	2434	3169	4109
lspA	365	370	754
fkpB	400	342	537
ispH	949	612	842
rihC	437	237	86
dapB	643	3312	5704
carA	592	330	1582
carB	1625	809	5305
caiF	477	600	88
caiE	251	173	43
caiD	351	220	48
caiC	877	420	133
caiB	655	310	125
caiA	547	310	216
caiT	591	348	56
fixA	412	204	23
fixB	282	175	49
fixC	526	222	41
fixX	120	43	11
yaaU	658	297	30
kefF	311	258	43
kefC	1371	873	224
folA	479	498	175
apaH	971	894	701
apaG	644	662	468
rsmA	1095	1297	731
pdxA	944	1089	410
surA	6192	11147	2559
lptD	10985	16085	3821
djlA	611	393	218
yabP	806	675	130
yabQ	150	209	13
rluA	650	646	1003
rapA	2089	2319	2451
polB	1390	1146	1012
araD	457	462	32
araA	964	1491	90
araB	999	968	99
araC	1304	1129	120
yabI	1000	1387	499
thiQ	406	253	180
thiP	737	385	115
thiB	589	248	120
sroA	37	16	16
sgrR	863	419	329
sgrS	18	19	3
sgrT	0	0	0
setA	676	488	171
leuD	629	1598	179
leuC	1594	4123	414
leuB	1693	3320	384
leuA	1765	3242	398
leuL	65	21	4
leuO	230	191	90
yabR	7	1	3
ilvI	1613	1300	521
ilvH	553	355	167
cra	1041	1039	458
mraZ	2023	2233	745
rsmH	3389	3507	1125
ftsL	977	1013	369
ftsI	1838	2313	857
ftsO	0	0	0
murE	1314	1707	787
murF	920	1194	647
mraY	749	906	465
murD	780	886	553
ftsW	677	705	449
murG	824	756	639
murC	907	936	832
ddlB	953	940	694
ftsQ	1063	924	600
ftsA	1423	1657	1067
ftsZ	3363	4682	2472
lpxC	13433	16582	55236
secM	799	965	847
secA	4957	6501	4139
mutT	402	295	85
yacG	360	254	163
zapD	853	674	227
coaE	729	603	215
yacM	14	9	3
guaC	508	254	263
hofC	465	223	132
hofB	391	189	341
ppdD	268	106	18
nadC	606	342	194
ampD	416	426	143
ampE	681	742	207
aroP	831	675	626
pdhR	392	260	394
aceE	5246	5426	5396
aceF	3036	3698	3721
lpd	2378	2277	6228
yacH	930	455	195
acnB	6224	6719	11482
yacL	980	1133	199
speD	459	308	360
speE	389	296	468
yacC	230	167	219
cueO	1175	1121	404
gcd	2251	3187	1939
hpt	368	321	411
can	685	528	2457
yadG	1126	900	311
yadH	799	783	359
yadI	336	291	116
yadE	556	321	222
panD	2703	1278	298
rpnC	508	221	124
panC	1034	702	875
panB	551	415	504
yadC	260	161	38
yadK	78	55	10
yadL	155	110	16
yadM	73	44	15
htrE	446	268	80
yadV	137	77	15
yadN	76	44	8
folK	112	62	49
pcnB	872	916	732
gluQ	529	798	250
dksA	22209	28543	776
sfsA	11193	16652	221
thpR	418	161	94
hrpB	1231	697	651
mrcB	1257	904	1064
fhuA	841	597	3204
fhuC	356	199	452
fhuD	281	154	212
fhuB	1041	541	396
hemL	1388	1417	1025
yadX	130	124	59
clcA	1133	1032	605
yadW	15	25	15
erpA	1752	1271	1179
yadS	312	175	130
btuF	420	154	104
mtn	781	557	563
dgt	933	662	172
degP	2663	3408	784
cdaR	548	294	69
yaeH	2424	3287	255
yaeI	403	215	197
dapD	1573	1652	1416
glnD	1966	1386	3119
map	1582	1242	1186
tff	248	500	221
rpsB	3210	5473	8402
tsf	2301	3234	3511
pyrH	615	506	581
frr	4878	4418	1300
dxr	1472	1232	864
ispZ	55	44	15
ispU	889	859	380
cdsA	884	1031	376
rseP	1528	1890	1057
bamA	4575	6693	3408
skp	3567	4178	2954
lpxD	4087	4426	3618
fabZ	1269	1564	1051
lpxA	1324	1622	1545
lpxB	678	587	1247
rnhB	374	217	313
dnaE	2128	1628	1961
accA	1408	1081	759
ldcC	1851	1626	487
yaeR	455	356	147
tilS	620	400	433
rof	863	761	466
yaeP	898	760	350
yaeQ	397	287	280
arfB	212	144	209
nlpE	932	923	842
yaeF	346	197	179
proS	1957	1796	1182
trmO	411	212	129
rcsF	153	94	199
metQ	618	577	2507
metI	361	201	1880
metN	419	216	3395
gmhB	615	400	284
rrsH	1253	924	508
ileV	66	37	9
alaV	11	6	234
rrlH	2882	2253	1206
rrfH	35	25	5
aspU	37	20	2
dkgB	293	170	66
yafC	538	334	286
yafD	1809	1830	2768
yafE	348	352	970
mltD	703	555	378
gloB	350	371	136
ykfO	0	0	0
yafS	407	270	155
rnhA	229	182	103
dnaQ	683	566	297
aspV	18	23	1
yafT	205	147	21
ykfM	36	22	10
yafU	52	27	7
yafF	101	72	50
yafV	574	600	395
ivy	517	417	242
fadE	12150	23313	307
gmhA	964	666	457
yafJ	641	388	593
dpaA	1034	1093	1325
yafQ	305	307	454
dinJ	6359	6213	841
yafL	387	249	74
rayT	342	203	78
lfhA	852	457	138
lafU	396	210	40
dinB	852	770	353
yafN	507	484	102
yafO	314	220	62
yafP	317	213	48
ykfJ	133	63	15
prfH	160	82	41
pepD	1988	1762	1813
gpt	248	175	69
frsA	738	507	660
crl	1538	1263	344
insB9	0	0	0
insA9	0	0	0
phoE	325	170	46
proB	979	1023	1232
proA	2275	2070	1325
thrW	107	74	72
ykfN	15	11	24
ykfI	186	106	84
yafW	246	139	57
ykfH	94	40	24
ykfG	231	131	70
yafX	292	151	82
ykfF	210	117	34
ykfB	998	1409	366
yafY	196	103	42
ykfL	120	48	12
ykfK	77	44	19
yafZ	584	316	167
ykfA	855	776	186
perR	469	287	149
insN	458	322	362
insI1	0	0	0
eyeA	124	80	172
ykfC	911	487	471
insH1	1985	1564	519
mmuP	826	400	1793
mmuM	1181	1230	1440
afuC	474	236	316
afuB	236	96	96
insB2	295	178	234
insA2	99	55	63
insI2	46	26	30
insX	88	57	87
yagB	109	94	50
yagA	520	302	112
yagE	611	440	104
yagF	2168	1423	356
yagG	964	623	636
yagH	1254	820	1989
xynR	585	434	3356
argF	472	570	8305
argL	51	26	9
ykgS	75	46	69
insB3	281	216	211
insA3	99	52	61
yagJ	480	299	143
yagK	187	107	79
yagL	86	69	23
yagM	57	55	9
ykgV	10	5	5
yagN	155	106	81
intF	815	678	656
yagP	292	146	156
paoD	498	361	171
paoC	1230	1087	241
paoB	499	390	101
paoA	362	363	70
yagU	349	251	329
ykgJ	208	93	112
ecpE	357	197	119
ecpD	815	535	318
ecpC	1186	618	160
ecpB	259	103	19
ecpA	266	153	90
matA	138	76	7
ykgL	112	60	19
ykgO	52	31	11
ykgM	68	64	14
ykgR	43	34	7
ykgP	64	49	10
eaeH	320	156	26
insE1	152	105	82
insF1	603	319	222
ykgA	365	229	36
ykgQ	58	47	9
rclC	349	191	16
rclB	31	17	1
rclA	791	671	52
rclR	338	230	37
ykgE	223	161	20
ykgF	781	459	85
ykgG	620	369	54
ykgH	89	60	25
betA	788	476	972
betB	999	666	2091
betI	481	289	903
betT	1490	913	666
yahV	4	14	6
pdeL	524	331	75
yahB	488	1108	66
yahC	330	1746	19
yahD	311	2643	23
yahE	293	1166	27
yahF	843	2222	83
yahG	828	1700	82
yahH	147	235	47
yahI	417	401	76
yahJ	766	717	647
yahK	3121	3274	897
yahL	89	78	17
yahM	95	65	19
yahN	484	430	26
yahO	16718	20476	358
prpR	4015	6392	99
prpB	92681	189101	50
prpC	47192	87573	58
prpD	33558	86149	53
prpE	21055	60808	117
codB	643	365	81
codA	502	243	141
cynR	407	166	79
cynT	295	187	58
cynS	135	55	26
cynX	519	279	84
lacA	224	143	28
lacY	502	318	36
lacZ	1466	689	110
lacI	1113	917	26382
mhpR	2101	1971	86
mhpA	935	446	57
mhpB	387	185	33
mhpC	440	192	36
mhpD	432	202	39
mhpF	340	153	37
mhpE	624	303	56
mhpT	602	371	133
yaiL	580	406	164
frmB	426	260	144
frmA	1175	898	230
frmR	309	211	60
yaiO	415	236	88
yaiX	182	104	25
insC1	0	0	0
insD1	0	0	0
yaiP	315	192	68
ykiC	5	1	0
yaiS	88	35	11
tauA	588	298	59
tauB	445	184	45
tauC	332	197	65
tauD	360	173	86
hemB	791	565	672
yaiT	520	353	341
ytiB	0	0	0
insF2	0	0	0
insE2	0	0	0
iprA	106	77	22
ampH	1944	1760	404
sbmA	728	566	391
yaiW	744	509	380
yaiY	260	226	81
yaiZ	384	411	47
ddlA	837	734	398
iraP	397	636	162
phoA	614	397	168
psiF	2143	2561	148
dgcC	562	320	122
proC	596	380	140
yaiI	218	188	279
aroL	311	203	1116
yaiA	815	817	523
aroM	1005	1033	650
ppnP	615	610	243
ykiA	273	302	116
ykiD	73	46	23
rdgC	624	369	152
mak	724	643	140
araJ	732	487	247
sbcC	1253	692	238
sbcD	527	368	223
phoB	692	454	212
phoR	613	378	244
brnQ	1757	1645	1749
proY	1057	920	739
malZ	815	441	391
acpH	331	239	165
queA	601	280	416
tgt	552	460	483
yajC	667	654	420
secD	1110	852	1180
secF	789	627	941
yajD	291	206	86
tsx	1131	1187	137
yajI	378	231	60
nrdR	499	390	482
ribD	1089	713	1181
ribE	546	387	522
nusB	385	279	842
thiL	476	271	478
pgpA	773	807	706
yajO	8361	10734	1226
dxs	1373	970	927
ispA	518	379	355
xseB	330	278	160
thiI	859	499	1011
yajL	493	448	306
panE	793	734	416
yajQ	1229	1584	414
yajR	587	348	172
cyoE	4747	6776	600
cyoD	2010	2512	182
cyoC	2343	3208	234
cyoB	8278	10551	972
cyoA	6811	7939	443
ampG	793	434	80
yajG	533	323	48
bolA	15596	14327	315
tig	3074	3015	713
clpP	4015	6065	1509
clpX	12273	16227	4386
lon	8751	18222	6228
hupB	678	1007	368
ppiD	2034	1914	1140
ybaV	140	145	62
fadM	396	906	82
queC	542	411	279
ybaE	1820	1395	174
cof	460	372	178
decR	368	318	117
mdlA	1108	803	270
mdlB	911	530	306
glnK	273	120	34
amtB	839	471	219
tesB	1097	1041	222
ybaY	1465	1156	1036
ybaZ	378	294	254
ffs	88	56	7
ybaA	778	748	99
pdeB	1320	1168	455
ylaC	1570	1179	1066
maa	368	493	511
hha	535	1215	697
tomB	960	1944	927
acrB	3769	4959	1714
acrA	1230	1763	530
acrR	520	509	204
mscK	1525	903	663
ybaM	184	126	95
priC	268	227	179
ybaN	302	213	323
apt	361	192	267
dnaX	1480	1585	1637
ybaB	607	681	780
recR	511	535	697
htpG	4683	11438	2662
adk	623	465	571
hemH	886	756	184
aes	647	539	130
gsk	709	401	445
ybaL	1779	1951	1033
fsr	688	349	67
ushA	1548	1542	477
ybaK	432	329	947
chiX	35	18	20
ybaP	425	394	2028
ybaQ	776	880	466
copA	1762	1214	1292
glsA	589	263	121
ybaT	932	327	434
cueR	529	345	453
ybbJ	1311	1126	383
qmcA	2779	2512	427
fetA	201	138	50
fetB	390	214	89
cnoX	1892	2579	889
ybbO	591	489	290
tesA	505	395	229
ybbA	627	417	174
ybbP	1413	840	265
rhsD	3058	2209	495
ybbC	19	30	9
ylbH	146	80	28
ybbD	70	49	7
ylbI	50	11	3
ylbG	268	178	54
selU	510	213	117
allS	519	298	44
allA	234	130	35
allR	556	515	405
allZ	7	13	0
gcl	825	495	83
hyi	281	190	28
glxR	424	284	24
ybbW	647	461	25
allB	801	639	56
ybbY	924	700	58
glxK	725	560	66
allE	443	325	94
allC	708	481	110
allD	507	282	21
fdrA	768	373	47
ylbE	659	375	40
ylbF	493	212	39
ybcF	601	290	43
purK	606	277	297
purE	196	92	190
lpxH	544	312	212
ppiB	4380	2665	922
cysS	861	666	273
ybcI	218	123	41
ybcJ	246	142	79
folD	587	374	456
sfmA	297	1981	38
sfmC	197	177	25
sfmD	1010	546	118
sfmH	300	168	27
sfmF	133	59	11
fimZ	123	70	12
argU	52	18	10
intD	706	503	438
xisD	47	31	5
exoD	962	957	995
peaD	258	186	166
renD	426	312	144
insE3	0	0	0
insF3	0	0	0
emrE	85	51	93
ylcJ	9	6	0
ybcK	161	112	12
ybcL	172	156	24
ybcM	827	737	113
ylcH	10	9	1
ybcN	110	49	10
ninE	36	25	0
ybcO	113	62	5
rusA	150	90	6
ylcG	58	40	5
quuD	121	77	17
nmpC	632	368	142
insH2	0	0	0
essD	98	108	48
rrrD	207	151	61
rzpD	463	362	109
rzoD	0	0	0
borD	1042	884	315
ybcV	647	668	338
ybcW	627	508	289
ylcI	860	737	160
nohD	2802	1926	307
aaaD	411	351	62
tfaD	542	339	49
ybcY	206	127	46
tfaX	42	24	9
appY	68	68	48
ompT	367	267	138
envY	285	148	45
ybcH	437	272	70
nfrA	1485	877	458
nfrB	1162	710	268
cusS	775	431	178
cusR	431	298	57
cusC	575	243	64
cusF	96	37	9
cusB	439	229	54
cusA	1861	890	192
pheP	1017	501	219
ybdG	856	452	403
nfsB	544	378	359
ybdF	300	195	110
ybdJ	242	242	90
ybdK	3360	5123	789
sokE	105	59	30
hokE	59	33	12
insL2	1436	1218	531
entD	280	163	146
fepA	1304	736	966
fes	680	332	587
ybdZ	109	47	111
entF	1953	1005	1899
fepE	442	259	30
fepC	414	213	139
fepG	439	257	356
fepD	699	354	620
entS	735	401	308
fepB	712	392	635
entC	712	364	665
entE	1079	547	942
entB	744	441	547
entA	503	303	403
entH	348	180	231
cstA	23265	44613	546
ybdD	1588	2630	168
hcxA	1448	1717	1171
ybdL	715	433	1224
ybdM	347	215	155
ybdN	573	294	51
ybdO	217	145	29
dsbG	798	629	127
ahpC	5290	5154	30141
ahpF	1620	1528	9536
uspG	3555	3268	736
ybdR	1191	907	215
yldA	254	195	44
rnk	1376	1414	76
rna	887	671	304
citT	914	499	81
citG	556	347	36
citX	539	301	72
citF	1045	535	42
citE	652	327	46
citD	230	113	9
citC	893	458	54
dpiB	1368	852	237
dpiA	464	232	119
dcuC	1137	645	130
pagP	414	289	58
cspE	23765	25059	2063
crcB	345	287	327
ybeM	1102	981	261
tatE	657	593	479
lipA	1324	1224	886
ybeF	454	318	99
lipB	511	344	545
ybeD	2513	4216	1597
dacA	730	531	288
rlpA	1460	1041	644
mrdB	1252	807	219
mrdA	1686	1011	303
rlmH	650	443	151
rsfS	489	392	177
cobC	719	424	99
nadD	750	493	146
holA	874	598	281
lptE	1002	1071	771
leuS	7157	7577	4267
ybeL	6911	8385	228
ybeQ	971	955	69
ybeR	319	188	20
djlB	989	618	71
ybeT	209	146	17
ybeU	509	358	31
djlC	1422	845	125
hscC	1324	788	113
rihA	1205	951	120
gltL	1564	1326	385
gltK	1267	1107	333
gltJ	1229	1084	438
sroC	202	225	103
gltI	7599	7434	2460
insH3	2259	1918	931
lnt	2315	1674	1034
ybeX	2112	2296	2610
ybeY	1792	1996	1045
ybeZ	3918	4381	2344
miaB	2093	1906	903
ubiF	1779	1687	234
glnX	40	30	3
glnV	66	60	89
metU	57	36	56
glnW	78	63	137
glnU	66	59	297
leuW	72	63	419
metT	208	159	250
asnB	1771	1110	8005
umpH	1248	888	359
nagC	1768	1441	596
nagA	1761	1658	502
nagB	1890	1825	326
nagE	4135	4015	444
glnS	1735	1409	525
chiZ	33	33	5
chiP	1629	968	68
chiQ	235	159	45
fur	4419	3251	1216
uof	431	252	102
fldA	3307	1658	365
ybfE	320	218	53
ybfF	925	596	156
seqA	1327	1333	603
pgm	4169	4147	1682
ybfP	540	305	60
ybfG	398	282	34
ybfI	76	65	3
potE	1451	1019	163
speF	2130	1288	159
speFL	30	24	7
kdpE	785	486	135
kdpD	3975	2735	1186
kdpC	917	736	111
kdpB	2477	1598	358
kdpA	2425	1620	233
kdpF	41	38	7
ybfA	373	461	1067
rhsC	6740	4620	656
ybfB	64	41	10
ybfO	1938	1321	176
ybfC	292	238	59
ybfQ	58	45	20
ybfL	630	353	51
ybfD	505	317	46
ybgA	1127	898	360
phr	2088	1550	645
dtpD	2691	1844	994
ybgI	1382	1195	377
pxpB	1267	1111	338
pxpC	1960	1942	640
pxpA	845	730	527
nei	1247	830	294
abrB	1707	1174	360
ybgO	1095	792	198
ybgP	646	442	118
ybgQ	3550	2605	400
ybgD	652	606	117
gltA	6086	6113	1833
ybgV	24	28	4
ybgU	170	177	20
sdhC	5181	3527	159
sdhD	1357	1161	69
sdhA	8340	7142	635
sdhB	3699	3181	328
sucA	14318	15159	1429
sucB	8290	8747	935
sucC	8635	8118	756
sucD	5580	5430	643
sdhX	93	81	11
mngR	1068	760	245
mngA	3309	2353	347
mngB	3850	2640	1003
cydA	11604	22738	8499
cydB	8892	15787	6534
cydX	365	622	405
ybgE	1827	3041	2119
ybgC	603	585	450
tolQ	1413	1147	705
tolR	496	474	372
tolA	3119	2513	1527
tolB	4858	4564	2381
pal	3343	2891	1771
cpoB	2199	1825	1613
lysT	190	174	425
valT	82	93	155
lysW	106	122	179
valZ	31	29	49
lysY	99	128	78
lysZ	116	109	179
lysQ	188	154	35
nadA	2128	1910	1360
pnuC	1921	1962	766
zitB	2091	2194	1028
ybgS	2100	1939	915
aroG	2760	2611	4559
gpmA	6625	6652	5512
galM	2720	3756	2853
galK	3472	3526	3175
galT	2383	2402	1669
galE	2860	2943	1184
modF	3506	3590	2170
modE	1909	2063	1128
acrZ	729	688	305
modA	1829	1914	782
modB	1618	1630	651
modC	2610	2544	1156
ybhA	1744	1874	936
pgl	4444	5601	1550
ybhD	2638	2932	1318
ybhH	1618	1909	955
ybhI	2883	3029	1150
ybhJ	6275	6261	2948
ybhC	3725	4133	2877
ybhB	1769	1507	288
bioA	3743	2870	338
bioB	3295	2674	237
bioF	2223	1835	275
bioC	1013	761	137
bioD	1391	984	121
uvrB	5882	6570	4941
ybhK	2062	1524	362
moaA	5792	4924	1478
moaB	3188	2666	982
moaC	2083	1842	707
moaD	1184	1058	430
moaE	1878	1583	502
ybhL	3686	4233	1087
ybhM	1121	944	140
ybhN	2221	1605	251
clsB	3015	2343	698
ybhP	1881	1397	476
ybhQ	2019	3650	80
ybhR	2403	1629	167
ybhS	3006	2133	188
ybhF	4383	3195	456
ybhG	2015	1744	194
cecR	1093	925	107
rhlE	2464	1638	455
ybiA	830	544	59
dinG	4214	3168	840
ybiB	2655	2549	485
hcxB	2201	1501	780
zbiJ	94	62	5
ybiE	45	42	13
ybiJ	338	276	308
ybiI	1201	1171	252
ybiX	982	767	134
fiu	4079	2802	345
mcbA	1644	3157	146
rlmF	1633	1060	178
ybiO	4612	3708	528
glnQ	3614	2831	1352
glnP	3048	2629	907
glnH	13610	12673	2033
dps	16902	18625	3637
rhtA	1416	1049	76
yliM	563	574	87
ompX	7941	6498	7629
opgE	1784	1187	230
rybA	261	155	20
mntS	0	0	0
mntR	869	584	196
ybiR	2062	1262	148
ldtB	2122	1611	1022
ybiT	3589	3349	828
ybiU	1694	1051	636
ybiV	580	358	415
ybiW	2950	1798	222
ybiY	1393	793	40
fsaA	937	726	84
moeB	1297	838	249
moeA	2452	1699	508
iaaA	2054	1988	1820
gsiA	3446	2915	1811
gsiB	2555	2161	921
gsiC	1757	1220	241
gsiD	1491	1014	256
pdeI	1504	887	152
dgcI	1683	988	84
rimO	2273	1360	168
bssR	44122	50254	1379
yliI	2020	1449	369
gstB	1907	1481	292
dacC	3959	4797	692
deoR	1066	675	268
ybjG	879	584	120
mdfA	3482	2918	343
ybjH	474	323	70
ybjI	1966	1384	106
ybjJ	2393	1746	86
rcdA	1095	723	31
rybB	242	159	9
ybjL	2223	1734	1240
ybjM	398	258	907
grxA	206	192	1157
ybjC	363	196	48
nfsA	1037	682	209
rimK	1634	1100	208
ybjN	886	743	188
potF	2754	5562	536
potG	1759	1890	252
potH	1356	995	122
potI	1349	1012	156
ybjO	722	453	69
rlmC	1604	1003	477
artJ	963	858	3725
artM	1297	1140	1821
artQ	1705	1568	2021
artI	2819	3145	2616
artP	1970	2088	2000
ybjP	2063	1539	329
ybjQ	892	960	312
amiD	2074	1880	716
ybjS	1878	1311	835
ybjT	1927	1248	718
ltaE	1818	1497	1098
poxB	5417	5674	2838
hcr	1386	772	70
hcp	1995	1117	95
lysO	1429	1057	117
aqpZ	2770	2846	328
ybjD	2847	2195	215
ybjX	939	576	208
macA	1553	1115	264
macB	2726	2286	837
cspD	25254	34476	1388
yljB	159	145	206
clpS	491	532	555
clpA	27014	40808	9646
serW	280	209	39
infA	467	400	2356
aat	1286	981	199
cydC	1998	1284	444
cydD	2758	1612	395
trxB	1121	727	584
lrp	867	882	1668
ftsK	7476	7231	3993
lolA	1018	1030	673
rarA	1833	1492	1002
serS	2241	1832	5963
dmsA	2526	1649	222
dmsB	594	377	53
dmsC	1023	716	102
ycaC	2989	3423	150
ycaD	1495	1039	1059
ycaM	1204	819	158
ycaN	521	348	74
ycaK	335	225	16
pflA	2584	1631	1135
pflB	35567	40352	8260
focA	6419	8078	783
ycaO	1373	917	156
ycaP	1052	960	160
serC	2156	1922	2825
aroA	1347	950	1059
ycaL	580	360	54
cmk	3350	3480	608
rpsA	19235	22027	14785
ihfB	11074	10282	955
ycaI	1982	1316	307
msbA	1757	1411	764
lpxK	1059	611	291
ycaQ	1022	609	167
ycaR	263	210	135
kdsB	743	512	835
ycbJ	1146	933	291
elyC	759	457	135
cmoM	1139	734	396
mukF	1162	858	449
mukE	706	480	266
mukB	4384	3333	2131
ldtD	3336	3063	2127
mepK	2341	4536	1648
gloC	1787	2952	2200
aspC	1779	1338	1258
ompF	1820	1344	180
asnS	2589	2166	3351
pncB	1219	839	1372
pepN	3157	2853	1815
ssuB	797	459	124
ssuC	704	428	19
ssuD	1220	630	57
ssuA	906	574	23
ssuE	468	234	31
elfA	124	75	13
elfD	454	224	24
elfC	2042	1098	138
elfG	1274	762	150
ycbU	290	165	36
ycbV	593	417	56
ycbF	711	477	138
pyrD	463	235	104
zapC	396	367	475
ycbX	1246	972	436
rlmL	2450	1483	869
uup	1977	1479	1423
pqiA	1297	1047	675
pqiB	1583	1315	952
pqiC	769	578	343
rmf	2660	6656	5574
fabA	1670	2328	1998
ycbZ	2921	2787	2177
matP	584	447	445
ompA	12218	8150	19873
sulA	1070	1012	530
sxy	480	308	104
yccS	1522	905	402
yccF	277	171	56
helD	2353	1450	1041
mgsA	1350	1269	538
yccT	817	652	130
yccU	1946	2388	365
hspQ	8857	7575	1633
rlmI	984	603	224
yccX	570	519	110
tusE	677	717	147
yccA	2533	2330	302
serT	166	182	18
hyaA	1115	692	113
hyaB	1221	650	111
hyaC	685	391	44
hyaD	547	292	72
hyaE	264	160	34
hyaF	749	442	78
appC	1286	744	136
appB	1136	702	118
appX	155	88	21
appA	927	567	183
etk	1399	815	560
etp	200	113	32
gfcE	676	409	75
gfcD	1229	654	146
gfcC	383	204	37
gfcB	335	148	38
gfcA	173	113	215
insA4	139	98	180
insB4	908	777	1779
cspH	246	140	55
cspG	170	183	40
ymcF	35	12	4
ymcE	46	17	0
gnsA	257	194	37
yccM	771	487	110
torS	1807	1007	398
torT	807	482	129
torR	667	371	113
torC	610	319	36
torA	1864	914	161
torD	446	293	322
cbpM	942	909	599
cbpA	2637	2616	1468
yccE	169	127	20
agp	15360	20610	246
yccJ	6488	5322	934
wrbA	9520	8877	2225
ymdF	2587	5195	6546
rutG	1571	966	303
rutF	240	125	57
rutE	495	326	56
rutD	500	279	67
rutC	391	198	11
rutB	718	393	42
rutA	965	486	62
rutR	723	448	80
putA	9229	6475	640
ymdG	72	38	14
putP	5450	6965	214
efeU	767	500	873
efeO	794	407	887
efeB	951	575	629
phoH	3920	2748	320
pgaD	180	89	29
pgaC	851	431	45
pgaB	936	448	61
pgaA	1139	574	126
dgcT	353	243	78
insF4	738	411	222
insE4	152	119	98
ymdE	66	34	7
ycdU	481	309	32
serX	156	134	7
ghrA	1185	832	330
ycdX	979	757	364
ycdY	535	404	237
ycdZ	1135	1056	113
csgG	782	377	120
csgF	331	174	7
csgE	189	105	18
csgD	334	257	98
csgB	220	104	14
csgA	310	196	26
csgC	116	88	11
ymdA	169	145	25
ymdB	718	713	399
clsC	1318	1371	633
opgC	742	439	162
opgG	2150	2129	1161
opgH	2606	2552	1473
yceK	1770	1541	173
msyB	1875	1390	259
mdtG	953	629	312
lpxL	987	606	234
trhO	525	266	144
yceI	358	303	55
yceJ	317	172	28
yceO	96	83	14
solA	1172	905	292
bssS	9037	10713	1616
dinI	219	144	77
pyrC	491	348	276
yceB	587	363	331
grxB	3627	2741	809
mdtH	1081	696	1166
rimJ	910	1085	514
yceH	1048	1134	401
yceM	1497	1456	535
murJ	1041	673	304
flgN	272	176	64
flgM	169	115	39
flgA	546	308	51
flgB	239	134	12
flgC	275	119	12
flgD	486	280	41
flgE	680	396	80
flgF	403	193	56
flgG	584	292	57
flgH	399	195	40
flgI	714	401	64
flgJ	645	324	88
flgK	786	461	85
flgL	770	449	132
flgO	24	13	0
rne	5927	7533	2876
yceQ	886	1053	425
rluC	726	491	205
yceF	1241	1221	191
sraB	87	83	21
yceD	2253	3304	1326
rpmF	2116	4067	1248
plsX	1162	1107	766
fabH	1483	1618	452
fabD	2118	2233	511
fabG	11624	16355	1487
acpP	13225	16860	2588
fabF	3636	4646	2794
pabC	591	562	133
mltG	894	697	290
tmk	549	491	388
holB	894	585	642
ycfH	4372	4579	901
ptsG	60198	55294	1134
fhuE	1663	960	337
hinT	1265	1411	428
ycfL	1062	1110	332
lpoB	2102	2044	727
thiK	623	448	245
nagZ	1360	891	683
ycfP	2291	1438	651
ndh	1011	526	271
ycfJ	434	323	215
comR	514	343	443
bhsA	236	168	1440
bhsB	25	20	5
ldtC	586	1005	78
mfd	3181	2708	2063
ycfT	755	397	76
lolC	667	481	331
lolD	521	341	364
lolE	1080	952	666
nagK	925	966	776
cobB	689	575	475
ycfZ	340	195	27
ymfA	240	140	19
potD	1378	1939	467
potC	457	424	171
potB	371	225	139
potA	738	520	404
pepT	2413	2821	730
roxA	1345	1477	1863
phoQ	1159	962	1123
phoP	655	776	672
purB	974	692	649
hflD	421	319	742
mnmA	962	743	1380
nudJ	379	278	147
rluE	440	365	161
icd	7869	5919	3049
C0293	59	47	16
ymfD	168	126	29
ymfE	140	127	22
lit	159	141	50
intE	468	397	193
xisE	91	87	47
ymfH	117	75	35
ymfI	237	275	188
ymfJ	195	177	87
ymfK	481	330	215
ymfT	33	29	26
ymfL	198	111	78
ymfM	122	70	11
ymfN	2	3	1
oweE	0	0	0
aaaE	0	0	0
ymfR	74	35	8
beeE	241	127	31
jayE	295	156	28
ymfQ	321	165	17
ycfK	199	101	25
tfaP	78	37	10
tfaE	150	103	32
stfE	113	65	13
pinE	185	80	14
mcrA	224	136	60
icdC	15	23	11
iraM	24	28	5
ymgK	3	12	1
ymgL	23	5	2
ycgX	57	36	20
bluR	1096	753	1272
bluF	572	538	118
ycgZ	349	106	24
ymgA	511	191	40
ariR	1949	991	26
ymgC	457	173	21
pdeG	638	401	81
ymgF	81	49	36
ycgH	1282	986	272
ymgD	426	281	73
ymgG	122	58	19
ymgI	22	21	5
ymgJ	33	23	5
ycgI	360	274	55
minE	791	686	150
minD	2169	1860	654
minC	1478	1236	603
ycgJ	168	171	121
pliG	355	356	165
ymgN	0	0	0
ycgL	501	543	83
ycgM	918	950	136
ycgN	476	441	287
hlyE	270	205	49
umuD	187	146	55
umuC	825	379	108
dsbB	482	444	262
nhaB	1068	711	492
fadR	1332	1360	311
ycgB	18546	29211	1523
dadA	5356	6515	3155
dadX	3259	3367	2094
ymgM	134	92	90
cvrA	1093	711	531
ldcA	656	420	359
emtA	612	419	94
ycgR	401	239	33
ymgE	2800	3122	163
ycgY	386	378	50
treA	5195	9355	263
dhaM	950	811	745
dhaL	513	486	232
dhaK	766	873	437
dhaR	1216	669	262
ycgV	1589	958	408
ychF	1149	669	170
pth	360	255	80
ychH	91913	76194	1200
dauA	1875	1447	515
prs	678	522	717
ispE	719	662	1019
lolB	555	532	312
hemA	1471	1420	679
prfA	821	730	317
prmC	425	272	137
ychQ	131	75	56
ychA	961	700	1334
kdsA	1752	1273	1812
ldrA	111	118	230
rdlA	77	78	89
ldrB	189	152	80
rdlB	94	172	36
ldrC	165	128	36
rdlC	110	168	49
chaA	587	439	146
chaB	714	849	170
chaC	892	925	696
ychN	1231	2098	200
ychO	789	499	343
narL	756	480	223
narX	1357	892	362
narK	847	465	87
narS	45	22	5
narG	2053	1144	295
narH	759	403	183
narJ	310	141	99
narI	347	212	43
ychS	297	218	194
rttR	27	6	3
tpr	0	0	0
tyrV	72	49	121
tyrT	95	80	75
purU	566	408	425
ychJ	273	133	179
rssA	4047	5022	751
rssB	4731	5010	1037
galU	3776	3222	1171
hns	7113	6979	2656
tdk	255	160	46
insZ	496	273	148
adhE	14440	20560	5032
ychT	47	39	15
ychE	233	146	103
insH21	2036	1607	566
oppA	2950	3729	5014
oppB	486	327	496
oppC	742	551	914
oppD	782	540	1603
oppF	1052	749	1398
yciU	297	308	380
clsA	1586	1498	925
yciY	130	91	203
kch	753	502	313
yciI	262	147	103
tonB	340	211	1189
yciA	199	99	156
yciB	950	861	699
yciC	717	598	634
ompW	331	268	36
yciE	442	535	293
yciF	415	366	291
yciG	542	1699	348
trpA	793	599	505
trpB	887	667	653
trpC	923	607	527
trpD	805	455	429
trpE	991	543	332
trpL	56	28	11
rnm	748	559	312
yciO	911	803	459
yciQ	1069	688	227
rluB	651	491	234
btuR	509	352	145
yciK	854	546	175
sohB	932	647	522
yciN	242	153	204
topA	3247	4979	1306
cysB	1310	1011	578
ymiA	188	167	34
yciX	288	253	51
ymiC	53	60	23
acnA	8554	12372	2500
ribA	1100	981	590
pgpB	776	731	359
lapA	643	714	549
lapB	1382	1160	1196
pyrF	467	303	257
yciH	160	106	27
osmB	9644	11461	2059
yciT	469	354	200
yciZ	107	79	144
ymiD	52	34	12
pdeR	2929	2927	587
ymiB	26	10	22
rnb	1323	1195	1707
yciW	894	1344	1093
fabI	6780	4983	1271
ycjD	295	221	147
sapF	683	555	330
sapD	1297	1189	599
sapC	823	767	344
sapB	909	788	419
sapA	1882	1613	995
ymjA	209	182	146
puuP	1109	579	77
ymjE	97	66	3
puuA	869	664	100
puuD	709	561	105
puuR	534	445	55
puuC	1080	673	140
puuB	569	343	90
puuE	837	511	134
pspF	472	273	230
pspA	13778	11521	833
pspB	1928	1520	142
pspC	3454	2652	226
pspD	2024	1564	105
pspE	4299	3228	185
ycjM	640	361	33
ycjN	590	317	31
ycjO	471	208	36
ycjP	471	277	35
ycjQ	580	302	67
ycjR	325	151	33
ycjS	615	293	51
ycjT	1293	630	113
ycjU	354	183	47
ycjV	375	195	55
ymjB	21	26	2
ompG	401	295	23
ycjW	420	205	50
ycjX	1515	2682	1740
ycjF	1056	1422	874
tyrR	1630	1641	1160
tpx	1298	1155	892
ycjG	1144	1107	770
mpaA	1295	1419	545
ymjC	84	43	25
ymjD	9	9	3
ycjY	383	217	82
pgrR	393	238	126
mppA	1527	1648	253
ynaI	487	276	278
insH4	2118	1635	611
ynaJ	725	688	279
uspE	12210	11862	1545
fnr	4960	5556	1982
ogt	293	179	99
abgT	688	393	63
abgB	783	383	109
abgA	593	297	47
abgR	480	297	37
mcaS	40	37	18
smrA	825	612	149
dgcM	7926	7088	351
ynaN	6	5	0
zntB	1322	1097	447
fnrS	135	99	51
ynaL	123	100	33
dbpA	793	535	194
ttcA	730	574	428
intR	655	371	120
xisR	33	17	4
rcbA	2	0	1
ralA	0	0	0
ralR	44	21	2
recT	290	135	51
recE	1286	624	113
racC	91	46	3
ydaE	16	8	0
kilR	103	77	9
kilS	70	35	7
sieB	73	31	8
ydaF	57	29	8
ydaG	68	39	5
racR	458	269	252
ydaS	51	29	13
ydaT	116	46	20
ydaU	328	183	34
ydaV	403	191	26
ydaW	308	168	99
rzpR	167	147	46
rzoR	0	0	0
trkG	338	233	277
ynaK	37	20	6
ydaY	223	111	28
ynaA	444	266	82
lomR	436	227	59
insH5	0	0	0
stfR	3363	2269	560
tfaR	953	551	98
pinR	388	313	102
ynaE	113	90	50
ynaM	109	89	30
ttcC	126	112	78
uspF	1066	1183	181
ompN	401	251	35
micC	16	13	0
ydbK	7436	9056	2204
ydbJ	347	385	201
hslJ	580	572	248
ldhA	511	437	200
ydbH	1418	864	256
ynbE	81	49	22
ydbL	263	148	32
feaR	2500	1449	60
feaB	1177	803	295
tynA	1214	693	116
paaZ	1172	584	90
paaA	282	164	24
paaB	136	59	13
paaC	404	178	20
paaD	316	161	24
paaE	369	211	43
paaF	426	191	28
paaG	332	176	17
paaH	755	360	65
paaI	81	45	24
paaJ	1090	983	143
paaK	1458	1500	143
paaX	1404	1332	207
paaY	825	803	95
ynbG	6	7	0
ydbA	2913	1871	1060
insD2	0	0	0
insC2	0	0	0
pdxI	1694	2603	135
ydbD	817	452	65
ynbA	129	45	3
ynbB	265	135	14
ynbC	724	365	108
ynbD	686	396	129
azoR	267	147	89
hrpA	2437	1855	971
ydcF	750	914	283
aldA	11201	12956	712
gapC	6979	6826	22926
cybB	301	181	54
rydC	40	29	5
ydcA	408	746	57
yncP	57	120	9
hokB	15	19	4
mokB	9	2	0
sokB	66	71	59
trg	785	531	314
ydcI	1986	1603	296
ydcJ	18101	16881	200
opgD	1708	1275	341
ydcH	1640	2900	13
rimL	326	367	201
ydcK	936	984	231
tehA	499	319	345
tehB	475	315	256
ydcL	1795	1174	315
yncK	173	171	91
insQ	614	406	779
ydcO	594	323	146
sutR	232	129	129
rlhA	807	427	274
yncJ	128	62	15
hicA	211	161	118
hicB	434	242	274
ydcR	960	566	594
ydcS	14326	23692	117
ydcT	3281	5780	49
ydcU	1700	2937	59
ydcV	1127	1970	17
patD	2345	3893	107
yncL	74	77	23
ortT	94	60	59
ydcY	491	359	510
ydcZ	179	112	341
mnaT	249	182	318
curA	1083	1558	141
mcbR	1201	949	116
yncD	947	566	132
yncE	469	316	1595
ansP	591	310	143
yncG	261	440	133
yncH	33	14	2
rhsE	1242	610	190
ydcD	34	22	6
yncO	9	13	2
yncI	212	188	23
ydcC	271	162	34
pptA	144	87	31
yddH	465	469	36
nhoA	477	340	57
yddE	540	336	275
narV	618	376	65
narW	483	365	58
narY	1200	1084	117
narZ	3298	2562	333
narU	1487	1030	122
yddJ	49	15	3
yddK	23	19	8
yddL	17	14	6
yddG	277	147	34
fdnG	1043	398	98
fdnH	321	128	33
fdnI	255	171	115
yddM	736	586	470
adhP	2700	3577	834
maeA	1152	1487	758
sra	8703	15052	1802
bdm	56	31	33
osmC	8264	12447	3927
ddpF	442	409	517
ddpD	421	436	94
ddpC	562	636	99
ddpB	528	743	32
ddpA	2911	4716	61
ddpX	1519	2219	38
dosP	2689	3229	548
dosC	3897	6709	680
yddY	9	7	1
digH	531	265	210
gadC	2578	763	419
gadB	2084	648	600
pqqL	558	319	166
yddB	536	224	104
yddA	310	166	37
yneP	4	4	1
ydeM	179	98	20
ydeN	303	173	57
ydeO	88	62	12
safA	8	2	1
ydeP	769	427	103
ydeQ	209	97	15
ydeR	103	59	14
ydeS	160	81	15
ydeT	266	105	14
yneL	55	37	25
hipA	419	195	301
hipB	62	53	52
yneO	2157	1184	511
lsrK	21147	8626	190
lsrR	7856	3349	119
lsrA	46675	16749	92
lsrC	12875	6343	56
lsrD	8763	5183	47
lsrB	23699	12840	59
lsrF	12243	6949	58
lsrG	5823	3430	63
tam	2863	2019	192
yneE	548	413	142
uxaB	557	292	195
dgcF	275	141	287
yneG	124	99	89
glsB	316	141	240
sad	490	278	632
yneJ	297	205	162
yneK	234	104	39
ydeA	387	221	581
marC	403	430	343
marR	132	84	128
marA	186	169	283
marB	137	91	118
eamA	384	325	164
ydeE	420	377	174
mgtS	35	24	4
mgtT	9	9	1
mgrR	37	20	3
dgcZ	510	429	128
ydeI	1471	1799	204
ydeJ	1022	621	101
dcp	1306	1074	815
ydfG	957	755	789
rspR	388	341	664
ydfZ	85	55	115
ydfI	479	351	95
ydfJ	407	268	130
ynfT	157	144	64
ydfK	109	105	42
pinQ	297	184	64
tfaQ	1673	1081	188
stfQ	277	156	56
nohA	1970	1362	125
ynfO	675	466	123
ydfO	24	14	3
gnsB	22	9	43
ynfN	15	6	4
ynfR	7	1	1
ynfQ	23	20	1
cspI	140	152	10
rzpQ	69	33	2
rzoQ	0	0	0
rrrQ	90	43	14
ydfR	61	29	10
essQ	41	23	4
ynfU	40	32	2
cspB	92	84	46
cspF	53	42	49
ynfS	577	943	100
ydfT	325	179	68
ydfU	307	133	112
rem	228	170	108
hokD	2075	2141	1841
relE	3287	2906	1831
relB	1617	1552	852
ydfV	61	38	96
flxA	182	115	26
ydfW	38	27	20
ydfX	96	45	17
dicC	16	10	3
dicA	141	128	255
ydfA	55	24	18
ydfB	40	16	4
ydfC	74	36	29
dicF	38	35	27
dicB	23	12	4
ydfD	33	22	4
ydfE	238	96	52
insD7	474	316	224
intQ	0	0	0
ynfP	0	0	0
rspB	0	0	0
rspA	0	0	0
ynfA	0	0	0
ynfB	0	0	0
speG	0	0	0
ynfC	0	0	0
ynfD	0	0	0
ynfE	0	0	3
ynfF	0	0	0
ynfG	0	0	0
ynfH	0	0	0
dmsD	0	0	1
clcB	0	0	0
bidA	0	0	1
mlc	0	0	0
ynfL	0	0	0
ynfM	0	0	1
asr	0	0	0
ydgU	0	0	0
ydgD	0	0	0
mdtI	0	0	0
mdtJ	0	0	0
mdtU	0	0	0
tqsA	0	0	0
pntB	14004	11832	4865
pntA	18092	17708	6288
ydgH	763	547	297
ydgI	906	519	231
folM	723	581	156
ydgC	197	132	83
rstA	304	155	110
rstB	724	369	233
tus	1075	818	174
fumC	10601	9517	247
fumA	13854	12072	527
manA	962	592	297
ydgA	7174	10038	2740
uidC	793	472	83
uidB	883	455	47
uidA	1739	920	109
uidR	1061	1001	1044
hdhA	8427	12359	3552
malI	1205	1034	166
malX	926	504	171
malY	893	551	449
add	1194	826	340
ydgJ	1055	704	610
blr	89	57	71
cnu	82	71	33
ydgK	231	183	280
rsxA	295	164	120
rsxB	267	171	223
rsxC	1329	709	541
rsxD	725	406	195
rsxG	275	128	111
rsxE	417	219	94
nth	339	180	156
dtpA	808	495	2919
gstA	1254	1053	995
pdxY	675	444	635
tyrS	1187	1147	1248
pdxH	460	324	514
mliC	164	112	62
anmK	651	538	172
slyB	4033	4102	1301
slyA	1739	1425	1311
ydhI	220	130	43
ydhJ	391	209	113
ydhK	1248	744	396
sodC	2862	3217	396
ydhF	2631	3422	298
ydhL	462	387	37
nemR	279	283	147
nemA	1114	1013	509
gloA	620	527	251
rnt	528	264	296
lhr	3717	2005	1066
grxD	1585	1184	587
mepH	680	412	101
sodB	1541	2145	951
ydhP	955	539	417
cydH	140	88	59
purR	795	490	548
punR	419	295	139
punC	813	568	181
cfa	4898	5033	6826
ribC	1083	892	797
mdtK	2828	3144	767
ydhQ	2236	2306	895
valV	20	12	2
valW	27	25	9
ydhR	521	693	402
ydhS	1553	1891	552
ydhT	541	315	191
ydhU	474	238	93
ydhX	467	273	44
ydhW	280	157	64
ydhV	1209	648	108
ydhY	257	195	30
fumD	225	160	48
ynhH	141	79	37
pykF	6654	8167	2350
lpp	5833	10987	21394
ldtE	15668	11422	3046
sufE	430	358	611
sufS	2040	2295	2702
sufD	2391	3027	3290
sufC	1598	1984	1882
sufB	4398	5271	4484
sufA	1419	1569	1262
rydB	50	40	588
ydiH	151	80	1802
menI	401	221	287
ydiJ	2215	1142	2289
ydiK	1644	1372	472
rprA	106	59	10
ydiL	147	93	22
ydiM	449	244	33
ydiN	636	352	59
ydiB	325	149	38
aroD	581	302	84
ydiF	852	508	43
ydiO	501	236	30
ydiP	504	310	75
ydiQ	472	216	45
ydiR	679	340	66
ydiS	970	433	69
ydiT	97	50	13
fadK	1031	532	141
ppsA	3262	3155	2158
ppsR	626	384	127
aroH	574	306	491
ydiE	108	82	150
selO	1683	1463	879
rflP	1333	1349	168
nlpC	564	522	315
btuD	815	830	227
btuE	1089	1797	302
btuC	883	678	588
ihfA	16100	17355	2622
pheT	4182	3966	1851
pheS	1105	822	580
pheM	40	12	49
rplT	2311	5904	24758
rpmI	1432	3472	18141
infC	6707	10268	27211
thrS	8045	9097	10712
arpB	482	329	100
yniD	16	15	22
ydiY	472	279	103
pfkB	4112	3378	708
ydiZ	1791	2868	236
yniA	6557	11924	957
yniB	1503	1813	995
hxpB	423	260	107
ydjM	251	236	108
tcyP	1049	871	800
ydjO	89	94	15
cedA	160	144	36
katE	2005	2559	591
chbG	741	416	155
chbF	987	585	100
chbR	493	290	152
chbA	184	150	35
chbC	1124	907	114
chbB	602	615	94
osmE	7618	7936	2870
nadE	1666	1562	456
cho	720	536	708
ves	284	195	117
spy	1464	2054	551
astE	1245	588	61
astB	2496	1303	203
astD	3696	1990	188
astA	3487	1582	132
astC	6049	2414	140
xthA	797	492	195
ydjX	441	245	81
ydjY	527	254	32
ydjZ	511	274	85
ynjA	311	217	89
ynjB	1042	673	152
ynjC	850	501	127
ynjD	345	169	332
ynjE	930	545	160
ynjF	421	244	144
nudG	312	153	51
ynjH	193	119	38
gdhA	1209	2499	10371
ynjI	512	287	633
topB	1914	1309	1314
selD	2768	2900	1360
ydjA	551	438	315
sppA	1390	902	470
ansA	522	401	142
pncA	370	274	125
ydjE	684	441	65
ydjF	535	481	241
ydjG	474	290	63
ydjH	444	240	34
ydjI	380	191	27
ydjJ	643	335	28
ydjK	662	311	66
ydjL	1009	535	68
yeaC	1321	1259	104
msrB	2202	2252	132
gapA	17652	14736	8158
yeaD	990	506	105
yeaE	716	585	212
mipA	939	822	208
yeaG	52963	93356	3605
yeaH	7746	16203	1336
cdgI	614	414	55
dgcJ	762	578	658
yeaK	348	214	259
yoaI	49	14	26
yeaL	175	95	176
nimR	487	281	160
nimT	609	309	93
yeaO	610	419	165
yoaF	213	129	108
dgcP	755	438	742
yoaK	29	21	11
yoaJ	28	21	6
yeaQ	2548	2660	855
yoaG	112	71	51
yeaR	226	108	269
leuE	927	701	176
dmlR	2738	2712	222
dmlA	1121	610	80
yeaV	1102	599	76
yeaW	600	378	65
yeaX	514	260	106
rnd	833	830	292
fadD	15220	26237	359
yeaY	2449	4435	331
tsaB	488	378	179
yoaA	1406	896	302
yoaB	327	216	154
yoaC	5465	7559	273
yoaH	304	257	107
pabB	936	514	237
nudL	467	362	182
sdaA	1639	1594	956
pdeD	1244	931	217
yoaE	1105	618	207
yoaL	88	73	31
manX	15802	19568	404
manY	11650	14517	361
manZ	14392	20403	413
yobD	361	310	23
mntP	385	200	48
rlmA	439	402	180
cspC	12135	30062	1244
yobF	16264	39190	575
yebO	221	177	320
mgrB	102	64	17
yobH	387	369	65
kdgR	1377	1415	924
yebQ	1216	680	167
htpX	3779	3727	2139
prc	2835	2211	1032
proQ	1372	1426	1131
msrC	696	578	444
letA	1202	1119	413
letB	2252	1626	692
rsmF	1053	517	378
yebV	1559	3936	6846
yebW	698	718	2272
pphA	742	1020	1507
ryeA	105	154	53
sdsR	0	0	0
yebY	633	368	94
yebZ	687	347	229
yobA	509	293	134
holE	271	170	47
yobB	441	303	62
exoX	472	306	256
ptrB	1863	1934	503
yebE	1379	1263	237
yebF	1648	2365	1186
yebG	1218	1803	825
purT	630	380	87
eda	773	524	469
edd	1547	833	301
zwf	1633	1303	714
yebK	1460	1379	538
pykA	7562	6913	1209
lpxM	780	562	457
mepM	2418	2517	1211
znuA	1709	2896	390
znuC	1065	1267	425
znuB	753	693	309
ruvB	1192	919	800
ruvA	677	576	489
yobI	30	39	2
yebB	323	200	56
ruvC	512	492	583
yebC	1166	1346	1269
nudB	702	784	1085
aspS	2851	3361	5071
yecD	458	307	262
yecE	358	219	166
yecN	291	271	306
cmoA	432	363	283
cmoB	803	609	361
torZ	1763	1155	200
torY	451	451	54
micL	19	11	4
cutC	4536	6889	1951
yecM	534	338	175
argS	1498	1098	985
yecV	39	23	1
yecT	229	179	34
flhE	225	133	33
flhA	1468	733	250
flhB	643	344	86
cheZ	464	219	59
cheY	330	194	32
cheB	544	255	29
cheR	456	201	49
tap	1327	601	71
tar	1064	562	96
cheW	314	183	34
cheA	1121	572	82
motB	684	323	51
motA	456	210	26
motR	15	8	3
flhC	336	199	130
flhD	202	120	93
insB5	166	101	72
insA5	68	36	38
uspC	191	190	335
otsA	3723	5071	2508
otsB	2804	4031	1752
araH	1441	1913	207
araG	1688	2284	83
araF	1904	4102	54
ftnB	412	398	116
yecJ	208	107	52
azuC	52	47	10
yecR	176	148	31
ftnA	888	646	67
yecH	180	128	33
tyrP	681	443	215
yecA	857	613	227
3ETS_leuZ	21	8	5
leuZ	53	51	8
cysT	47	31	85
glyW	97	51	101
pgsA	487	374	885
uvrC	2412	1779	709
uvrY	768	636	456
yecU	80	58	4
yecF	105	140	16
sdiA	401	238	89
sdsN	22	22	14
tcyN	806	983	373
tcyL	675	954	299
dcyD	1424	1897	716
tcyJ	3216	3738	1463
fliZ	536	271	54
fliA	266	149	46
fliX	225	218	163
fliC	1117	867	662
fliD	925	449	68
fliS	252	117	22
fliT	202	93	24
amyA	3682	4523	330
yedD	676	817	256
yedE	1419	1456	103
yedF	391	480	39
yedK	578	453	127
yedL	263	184	72
yedN	118	118	25
intG	78	54	3
fliE	160	72	11
fliF	1238	604	83
fliG	465	166	68
fliH	482	274	39
fliI	778	381	61
fliJ	313	152	12
fliK	743	308	57
fliL	273	141	30
fliM	626	261	61
fliN	244	113	12
fliO	312	145	15
fliP	340	150	27
fliQ	177	103	10
fliR	303	195	70
rcsA	302	274	99
dsrB	149	114	19
yodD	12240	9287	1615
dsrA	559	653	278
yedP	5947	7469	2899
dgcQ	2172	1730	947
yodC	187	229	72
yedI	967	1256	231
yedA	805	445	78
vsr	245	110	90
dcm	1429	881	678
yedJ	458	383	899
drpB	199	140	354
rseX	29	21	1
yedS	912	817	243
hchA	19746	9456	601
hprS	494	282	155
hprR	289	145	90
hiuH	99	57	14
msrP	1206	1122	380
msrQ	585	441	233
zinT	289	266	35
yodB	347	260	89
serU	265	265	35
mtfA	1311	1116	169
asnT	167	139	23
yeeJ	3903	2106	1150
yeeL	332	221	55
shiA	891	547	923
amn	1396	1072	791
yeeN	483	439	162
asnW	145	102	14
yeeO	1153	727	500
asnU	76	46	2
cbl	625	380	288
nac	683	370	285
asnV	75	43	9
ldtA	3061	2638	1440
cobT	951	541	194
cobS	428	298	81
cobU	273	172	65
yeeH	98	54	19
insH6	1529	1053	327
yoeG	286	234	81
yoeH	101	88	93
yoeA	440	302	188
insD3	0	0	0
insC3	0	0	0
yeeP	312	179	170
isrC	90	49	8
flu	2499	1554	474
yeeR	1089	530	186
yeeS	357	233	61
yeeT	232	105	36
cbeA	292	149	55
cbtA	161	68	19
yeeW	235	131	54
yoeD	25	15	5
yoeF	94	78	45
tmaR	1359	1006	998
yoeJ	103	115	39
yeeA	1842	1743	338
sbmC	2494	3748	358
dacD	804	476	159
sbcB	1138	823	628
tsuB	1115	2158	1356
tsuA	1501	2352	2458
plaP	739	352	108
yoeI	14	9	5
yeeY	1627	1151	1138
yeeZ	3271	2213	1887
yoeB	755	384	357
yefM	774	510	429
hisL	20	5	7
hisG	662	851	659
hisD	983	1308	943
hisC	736	1074	677
hisB	698	887	621
hisH	375	509	395
hisA	489	665	439
hisF	658	687	415
hisI	714	661	482
wzzB	2142	1920	574
ugd	1107	754	465
gnd	8725	8663	4010
wbbL	1186	1297	907
insH7	0	0	0
wbbK	927	1249	904
wbbJ	532	723	554
wbbI	916	1354	925
wbbH	725	1128	755
glf	1154	1810	915
rfbX	950	1371	1005
rfbC	491	679	473
rfbA	1075	1221	856
rfbD	1474	1522	937
rfbB	1804	2081	1165
galF	4963	4500	1033
wcaM	722	407	82
wcaL	1110	466	52
wcaK	791	399	79
wzxC	1341	747	52
wcaJ	1011	497	77
cpsG	850	435	65
cpsB	1059	503	70
wcaI	468	281	82
gmm	191	114	24
fcl	564	256	69
gmd	706	375	87
wcaF	195	92	21
wcaE	330	163	29
wcaD	437	220	32
wcaC	664	332	44
wcaB	189	85	17
wcaA	662	346	51
wzc	1499	696	98
wzb	211	85	7
wza	693	336	33
yegH	1338	785	537
asmA	1862	1338	730
dcd	1043	951	817
udk	365	221	274
dgcE	3788	2785	824
alkA	814	467	101
yegD	754	338	148
yegI	1128	565	203
yegJ	365	261	35
pphC	518	270	39
yegL	685	299	32
sibA	32	38	32
ibsA	0	0	0
sibB	68	37	13
ibsB	0	0	0
mdtA	879	541	200
mdtB	2207	1188	486
mdtC	1942	1033	348
mdtD	930	503	114
baeS	517	287	152
baeR	894	540	242
yegP	4701	4251	492
trhP	1795	1651	4089
cyaR	38	35	40
ogrK	175	223	68
yegZ	143	141	34
yegR	157	181	22
yegS	1793	1477	246
gatR	509	314	169
insE5	0	0	0
insF5	0	0	0
gatD	2171	1784	89
gatC	6880	5769	118
gatB	1626	1205	12
gatA	4745	4191	49
gatZ	27678	34772	385
gatY	40885	50246	446
fbaB	8698	9766	3034
yegT	1027	587	61
yegU	796	470	115
yegV	618	343	99
yegW	721	397	135
yegX	684	361	122
thiD	510	264	122
thiM	412	235	103
rcnR	402	219	73
rcnA	453	251	76
rcnB	190	141	40
yehA	290	180	31
yehB	1089	607	70
yehC	179	124	6
yehD	95	77	7
yehE	463	342	96
mrp	1262	1052	485
metG	1705	1304	1573
yehF	599	292	46
yehH	1704	931	186
yehI	2560	1309	289
yehK	94	82	9
yehL	792	422	53
yehM	1556	771	179
yehP	813	406	62
yehQ	1439	718	195
yehR	317	196	89
yehS	357	333	224
btsR	598	314	92
btsS	1002	533	102
mlrA	1150	788	279
yohO	37	43	19
yehW	627	481	127
yehX	664	512	90
yehY	1319	1319	224
osmF	3375	5050	303
bglX	1729	1167	492
dld	1554	1215	1212
pbpG	497	355	489
yohC	9112	11748	938
yohD	769	726	234
yohF	1549	1696	283
mdtQ	831	396	69
yohP	5389	6853	1300
dusC	942	550	124
yohJ	372	267	300
yohK	445	404	568
cdd	1626	2011	324
sanA	321	205	25
yeiS	266	177	41
preT	970	753	73
preA	1228	906	65
mglC	954	770	26
mglA	1417	1228	34
mglB	4609	3414	56
galS	957	826	59
yeiB	818	375	149
folE	587	377	685
yeiG	855	550	686
cirA	1805	1082	1204
lysP	1772	1221	813
yeiE	1307	972	203
yeiH	892	533	217
nfo	1188	1765	336
yeiI	1102	747	274
nupX	1000	469	56
rihB	512	220	23
yeiL	305	179	27
psuT	761	411	146
psuG	603	298	39
psuK	464	237	20
fruA	3127	3654	631
fruK	1532	1293	166
fruB	1064	875	140
setB	866	435	46
yeiW	148	99	13
yeiP	417	266	64
yeiQ	1430	689	87
yeiR	734	390	77
lpxT	293	191	28
mepS	266	156	128
pdeN	1126	698	163
yejA	1476	1008	362
yejB	726	363	120
yejE	725	425	171
yejF	1002	622	1079
yejG	2580	2917	274
bcr	1121	840	1456
rsuA	825	714	886
radD	1152	602	227
rplY	402	392	2431
yejK	839	503	338
yejL	497	499	299
lapC	1691	1346	701
proL	69	29	14
yejO	1941	1153	519
insH8	0	0	0
narP	434	394	217
ccmH	755	420	115
ccmG	416	263	34
ccmF	1341	719	157
ccmE	464	251	73
ccmD	181	121	45
ccmC	550	310	68
ccmB	346	184	38
ccmA	594	357	63
napC	260	164	58
napB	218	116	21
napH	671	398	34
napG	379	219	69
napA	1499	858	142
napD	60	32	4
napF	311	195	26
yojO	36	18	8
eco	654	486	307
mqo	1091	721	1563
yojI	1077	545	451
alkB	591	401	239
ada	1027	779	830
ftp	916	429	388
ompC	5232	4705	4367
micF	74	51	24
rcsD	2941	2026	985
rcsB	2151	1831	957
rcsC	1991	1261	850
atoS	1272	841	180
atoC	1015	583	93
atoD	454	231	39
atoA	309	153	20
atoE	884	506	64
atoB	832	414	57
yfaP	698	327	89
yfaQ	1167	593	123
yfaS	2793	1346	351
yfaT	419	219	39
yfaA	976	500	101
gyrA	5268	4432	4746
ubiG	859	637	420
yfaL	2466	1522	510
ypaB	51	36	5
nrdA	1540	1036	202
yoaM	17	14	7
nrdB	997	737	309
yfaE	112	67	43
inaA	571	524	145
yfaH	66	26	38
glpQ	1256	1067	348
glpT	892	533	88
glpA	934	432	72
glpB	851	406	52
glpC	765	415	93
rpnE	529	259	59
ypaA	177	128	19
yfaU	550	292	51
yfaV	905	393	59
rhmD	902	574	36
yfaX	541	329	41
yfaY	1402	1008	504
yfaZ	464	290	85
nudI	211	146	19
ais	258	138	27
arnB	2303	2439	405
arnC	1398	1071	251
arnA	1932	1713	859
arnD	652	453	276
arnT	1036	546	331
arnE	246	168	120
arnF	449	317	81
pmrD	224	249	35
menE	1096	650	304
menC	877	841	327
menB	671	710	341
menH	506	272	34
menD	1433	906	408
menF	1017	667	678
elaB	8707	8886	1341
elaA	603	460	109
rbn	709	436	100
elaD	235	199	45
yfbK	955	489	149
yfbL	405	267	33
yfbM	222	109	23
yfbN	209	107	34
yfbO	73	53	11
yfbP	362	279	54
nuoN	1800	1613	742
nuoM	1407	1084	241
nuoL	1994	1710	507
nuoK	407	301	92
nuoJ	820	759	166
nuoI	522	608	109
nuoH	1358	1347	291
nuoG	3704	4302	1353
nuoF	2516	2945	889
nuoE	1090	1118	416
nuoC	4997	4989	1501
nuoB	3384	3045	987
nuoA	3952	3525	664
lrhA	2422	2228	613
alaA	1091	754	876
yfbR	488	311	121
yfbS	1256	803	218
hxpA	1004	774	356
yfbU	685	544	207
yfbV	4422	4516	1410
ackA	10747	16566	1000
pta	6708	10887	1313
yfcC	799	407	156
yfcD	904	526	261
yfcE	746	464	292
yfcF	710	570	148
yfcG	817	1060	188
folX	613	700	189
yfcH	3720	4811	680
rpnB	693	495	111
hisP	1032	1034	272
hisM	993	1101	230
hisQ	1660	1761	378
hisJ	5453	6447	757
argT	13634	19915	160
ubiX	430	230	53
purF	1506	1378	359
cvpA	543	622	144
dedD	1368	1776	393
folC	1057	1070	379
accD	1275	1169	1233
dedA	496	294	411
truA	621	370	492
usg	697	541	387
pdxB	1212	995	666
flk	995	594	113
yfcJ	813	392	144
fabB	2725	2114	864
mnmC	1370	615	544
yfcL	227	145	99
epmC	546	322	244
yfcA	765	471	243
mepA	574	373	260
aroC	1349	893	506
prmB	758	444	184
smrB	731	572	359
yfcO	1003	854	413
yfcP	483	241	32
yfcQ	156	81	26
yfcR	349	181	26
yfcS	454	175	23
yfcU	1882	1142	310
yfcV	177	176	10
sixA	14847	11550	720
fadJ	8783	16066	213
fadI	5807	9538	132
yfcZ	734	697	833
fadL	12985	17875	128
yfdF	125	146	14
mlaA	1512	1164	294
yfdC	1021	776	156
argW	63	37	6
intS	406	175	72
yfdG	69	74	71
yfdH	290	165	97
yfdI	134	78	25
yodE	15	21	8
tfaS	323	374	114
yfdK	167	89	25
yfdL	259	131	17
yfdM	301	182	15
yfdN	242	113	13
yfdO	234	108	12
yfdP	344	187	16
yfdQ	189	101	21
yfdR	163	100	13
yfdS	170	69	8
yfdT	64	38	13
ypdJ	11	11	1
torI	131	56	19
pawZ	44	31	8
dsdC	597	315	83
dsdX	824	457	68
dsdA	978	522	137
emrY	376	245	104
emrK	487	346	113
evgL	2	6	5
evgA	625	952	669
evgS	1355	1348	997
yfdE	633	460	122
yfdV	399	297	45
oxc	679	525	61
frc	594	398	35
yfdX	305	228	29
ypdI	230	164	46
yfdY	392	477	282
lpxP	906	978	680
ypdK	60	29	22
alaC	1152	680	243
pyrS	1154	845	311
pyrR	783	606	239
ypdC	645	501	215
fryA	1486	740	175
ypdE	624	299	84
ypdF	492	211	41
fryC	756	342	45
fryB	185	97	12
glk	1439	1138	304
yfeO	1287	930	294
ypeC	275	172	183
mntH	1013	874	575
ypeD	56	55	5
nupC	899	764	142
insL3	1528	1311	509
pdeA	1265	708	300
alaX	59	29	5
alaW	29	22	7
yfeC	294	174	60
yfeD	418	280	100
gltX	2414	2329	1872
valU	40	23	14
valX	61	36	112
valY	12	15	3
lysV	87	36	8
xapR	909	551	120
xapB	598	350	137
xapA	414	248	30
yfeN	518	349	53
yfeR	578	313	211
yfeH	1071	598	242
ypeB	438	541	135
ligA	5019	5606	673
zipA	2382	2654	1149
cysZ	888	640	137
cysK	6944	13243	43999
ptsH	4506	4516	3209
ptsI	20031	21154	7330
crr	23280	20836	2783
pdxK	439	289	107
yfeK	126	227	35
yfeS	348	297	441
cysM	917	906	1862
cysA	1309	2201	6146
cysW	894	1302	2685
cysU	860	1066	1875
cysP	1273	2040	2905
ucpA	3169	3799	247
murR	695	348	37
murQ	659	316	65
murP	904	471	148
yfeW	648	343	122
yfeX	1246	1393	711
yfeY	575	578	145
yfeZ	474	389	53
ypeA	440	490	57
amiA	690	592	692
hemF	673	473	397
eutR	664	385	201
eutK	408	287	101
eutL	351	235	107
eutC	829	484	207
eutB	1125	818	791
intZ	1020	644	126
yffL	695	400	214
yffM	313	150	26
yffN	220	97	18
yffO	215	115	26
yffP	741	357	37
yffQ	341	219	33
yffR	468	289	105
yffS	955	628	69
eutA	711	400	137
eutH	1111	601	73
eutG	821	466	89
eutJ	637	286	51
eutE	860	473	116
eutN	209	107	10
eutM	254	181	15
eutD	824	411	67
eutT	399	251	69
eutQ	505	271	22
eutP	256	147	15
eutS	148	76	7
maeB	5589	6597	909
talA	5407	8259	2057
tktB	9049	14476	3509
ypfG	788	562	438
nudK	504	241	189
aegA	1328	652	138
narQ	1119	589	409
acrD	1874	966	363
ypfM	642	637	11
yffB	682	489	55
dapE	2001	1722	414
ypfN	1234	1217	361
ypfH	778	760	551
tmcA	1707	1089	855
ypfJ	1707	2080	914
purC	645	401	791
bamC	1424	1042	2277
dapA	1923	1397	2296
gcvR	892	800	469
bcp	750	399	295
hyfA	316	112	28
hyfB	1307	690	113
hyfC	584	284	19
hyfD	1074	535	99
hyfE	355	165	17
hyfF	827	425	159
hyfG	1111	535	149
hyfH	387	146	53
hyfI	485	228	66
hyfJ	315	160	23
hyfR	1357	640	147
focB	763	440	155
yfgO	1009	576	477
bepA	2137	3368	646
yfgD	574	749	196
hda	526	304	344
uraA	826	374	80
upp	402	234	75
purM	763	420	137
purN	621	343	104
ppk	2268	1447	1393
ppx	1555	1098	774
pdeF	1173	618	154
yfgG	346	219	94
yfgH	157	95	21
yfgI	318	182	53
guaA	2312	1367	959
guaB	1158	667	625
xseA	1920	1747	3324
yfgJ	272	249	358
der	3486	3470	2140
bamB	2659	2784	1938
yfgM	1412	1336	1081
hisS	2864	2830	1924
sroE	87	88	33
ispG	3497	3618	2297
rodZ	3967	4431	1617
rlmN	1835	2335	902
ndk	518	461	97
pbpC	1477	799	298
yfhM	5727	5609	2494
sseA	5377	6565	246
timR	121	108	1
ryfA	41	38	35
timP	0	0	0
sseB	669	737	1020
pepB	2214	3112	2299
iscX	730	727	1448
fdx	952	942	2302
hscA	5144	4637	10251
hscB	1403	1163	3233
iscA	6868	7115	5896
iscU	7581	7365	5696
iscS	19693	18686	12877
iscR	6949	5921	4651
trmJ	1871	1580	2528
suhB	549	307	278
yfhR	561	282	79
csiE	2823	3490	363
hcaT	1014	830	201
hcaR	876	883	93
iroK	0	0	0
hcaE	913	507	449
hcaF	289	147	140
hcaC	201	90	91
hcaB	576	301	170
hcaD	773	439	220
yphA	634	755	176
yphB	840	474	120
yphC	1078	562	68
yphD	700	380	50
yphE	1340	694	98
yphF	643	440	52
yphG	2260	1189	229
yphH	988	556	172
glyA	2497	2262	982
hmp	1030	500	431
glnB	531	397	153
glrR	1368	819	374
qseG	618	428	236
glrK	1123	764	392
glmY	209	121	30
purL	2590	1309	919
mltF	1205	613	179
tadA	455	244	168
pgpC	737	594	296
yfhH	534	294	249
yfhL	105	97	74
shoB	76	279	240
ohsC	60	65	21
acpS	247	133	123
pdxJ	1072	724	684
recO	872	738	572
era	2375	3045	1686
rnc	1682	2074	1045
lepB	3317	4135	1255
lepA	4733	5436	1960
rseC	2298	2311	773
rseB	7589	11390	2065
rseA	23312	36369	5020
rpoE	15301	21971	4786
rseD	252	156	35
nadB	1304	625	629
yfiC	737	418	145
srmB	1369	1028	698
yfiE	1024	737	871
eamB	522	325	97
grcA	590	681	2800
ung	612	361	200
yfiF	1261	916	407
trxC	773	784	301
tapT	432	248	144
patZ	11634	18272	575
pssL	115	140	15
pssA	4485	6141	2915
yfiM	370	479	1617
kgtP	8935	15083	14702
yfiS	90	115	33
rrfG	160	82	5
rrlG	3555	2725	1371
gltW	81	97	1909
rrsG	1550	1169	513
clpB	17429	33562	53034
ryfD	84	61	28
yfiH	971	1003	371
rluD	1821	2032	522
bamD	1667	1718	668
raiA	32838	22900	389
raiZ	31	68	6
pheL	26	29	6
pheA	1437	1819	471
tyrA	1139	1141	758
aroF	1299	1815	1037
yfiL	542	568	107
yfiR	366	247	319
dgcN	858	484	276
yfiB	331	193	144
rplS	1423	1887	2367
trmD	2998	3614	4168
rimM	2460	3038	3372
rpsP	1286	1540	1605
ffh	4558	3715	2570
ypjD	570	420	295
yfjD	1084	693	484
grpE	2923	4366	2681
nadK	877	594	364
recN	1399	1311	2125
bamE	1296	1114	640
yfjF	123	54	108
ratA	365	254	235
smpB	573	474	321
ssrA	1134316	1488443	2284322
intA	1408	1169	491
yfjH	317	232	54
alpA	17	15	4
yfjI	457	257	43
yfjJ	181	162	35
abpB	1337	728	215
abpA	988	618	447
yfjM	243	161	80
rnlA	1448	1783	1072
rnlB	875	1163	573
yfjP	764	428	52
yfjQ	637	340	43
yfjR	320	181	65
ypjK	176	82	18
yfjS	372	179	27
yfjT	410	312	115
yfjU	221	172	106
yfjV	485	264	103
yfjW	335	212	91
ypjI	258	161	11
yfjX	384	214	33
yfjY	261	147	24
ypjJ	69	50	10
yfjZ	269	129	24
ypjF	147	92	22
psaA	84	68	10
ypjA	3646	2239	767
pinH	245	134	16
ypjB	135	110	11
ypjC	61	51	6
ileY	44	30	2
ygaQ	455	366	48
glaH	27124	91853	181
lhgD	11098	43475	351
gabD	11482	53284	548
gabT	8658	45504	494
gabP	1496	5076	139
glaR	658	1387	349
kbp	3447	4095	1317
yqaE	361	352	63
ygaV	326	234	26
ygaP	827	576	127
stpA	578	403	100
alaE	177	134	1605
ygaC	326	235	290
ygaM	5118	6515	3136
nrdH	138	99	246
nrdI	182	149	289
nrdE	1267	856	906
nrdF	720	406	193
proV	800	673	222
proW	916	652	252
proX	683	406	157
ygaY	696	367	153
ygaZ	606	307	549
ygaH	169	128	114
mprA	307	160	588
emrA	768	409	315
emrB	1050	567	361
luxS	1845	1572	1165
micA	238	95	75
gshA	2894	2601	1575
yqaA	414	284	181
yqaB	525	383	168
argQ	95	74	123
argZ	60	31	152
argY	79	64	103
argV	68	55	90
serV	61	61	23
csrA	16521	16293	2351
alaS	2969	2118	2517
recX	420	413	185
recA	5041	5615	4523
pncC	379	221	126
mltB	909	466	157
srlA	522	414	21
srlE	1293	916	61
srlB	197	196	7
srlD	756	612	41
gutM	259	133	40
srlR	650	475	100
gutQ	939	590	168
norR	1109	583	242
norV	1153	622	175
norW	704	319	115
hypF	2040	1148	304
hydN	302	177	50
ascG	1140	604	138
ascF	1104	709	199
ascB	1610	905	241
hycI	806	617	172
hycH	266	127	31
hycG	434	212	53
hycF	565	255	24
hycE	1096	534	101
hycD	694	374	62
hycC	1065	531	101
hycB	411	191	35
hycA	211	124	15
hypA	224	123	12
hypB	628	362	84
hypC	125	91	21
hypD	781	457	161
hypE	726	467	232
fhlA	1696	1367	349
ygbA	360	206	104
mutS	1628	991	308
pphB	265	125	28
ygbI	609	351	129
ygbJ	482	264	42
ygbK	900	473	118
ygbL	358	173	45
ygbM	424	226	71
ygbN	1055	631	157
rpoS	19765	17314	5360
nlpD	7036	7263	2592
pcm	932	810	489
umpG	1008	959	386
truD	1118	876	560
ispF	222	171	146
ispD	817	463	245
ftsB	461	362	253
ygbE	285	224	419
cysC	469	476	986
cysN	1560	2850	4934
cysD	1044	2186	2974
iap	778	460	878
cas2	351	195	61
cas1	646	361	125
casE	316	200	76
casD	466	286	86
casC	511	346	94
casB	242	145	25
casA	537	351	95
cas3	1626	987	151
sokX	39	17	9
cysH	1104	2474	3121
cysI	2839	7060	10828
cysJ	2785	7052	9782
queD	317	171	52
ygcN	1026	528	60
ygcO	102	62	24
ygcP	289	152	29
ygcQ	721	412	57
ygcR	694	389	37
ygcS	875	480	27
ygcU	961	510	41
ygcW	342	188	16
yqcE	812	477	45
ygcE	812	429	53
queE	588	662	324
yqcG	7	1	1
ygcG	208	103	20
eno	22260	26740	6973
pyrG	8784	10442	3346
mazG	1236	931	954
mazF	415	278	330
mazE	216	174	233
relA	1893	1347	749
rlmD	1103	755	309
barA	2180	1089	260
gudD	1236	706	130
gudX	729	368	67
gudP	1190	561	93
yqcA	812	514	209
truC	555	235	69
yqcC	126	72	15
csrB	1107	4916	3477
syd	430	312	160
queF	520	386	170
ppnN	3057	2770	984
sdaC	599	337	148
sdaB	741	404	137
ygdG	505	275	55
fucO	1182	934	131
fucA	420	317	26
fucP	949	535	68
fucI	1636	1232	167
fucK	1148	787	80
fucU	352	214	39
fucR	652	418	74
rlmM	1201	890	626
ygdD	246	200	135
gcvA	765	479	305
gcvB	118	117	49
ygdI	224	250	240
csdA	1123	681	741
csdE	543	416	304
tcdA	685	405	203
mltA	779	497	276
metZ	126	82	35
metW	63	65	371
metV	117	60	12
amiC	956	621	324
argA	832	904	5615
recD	1302	743	1187
recB	2319	1327	586
ptrA	1722	988	426
recC	2721	1820	535
ppdC	312	234	29
ygdB	174	119	34
ppdB	543	356	34
ppdA	309	192	22
thyA	727	496	279
lgt	790	551	196
ptsP	1748	1149	614
rppH	591	437	412
ygdT	174	116	32
mutH	652	397	239
ygdQ	589	393	485
ygdR	442	378	175
tas	1091	1040	613
lplT	1027	620	218
aas	1342	887	270
omrA	73	35	31
omrB	245	101	11
galR	898	700	212
lysA	850	491	92
lysR	568	276	107
ygeA	615	333	84
araE	850	444	398
kduD	575	371	104
kduI	647	381	102
yqeF	1128	794	93
yqeG	515	371	71
yqeH	141	120	10
yqeI	166	118	20
yqeJ	45	16	4
yqeL	10	5	0
yqeK	44	49	4
ygeF	30	35	4
ygeG	37	28	2
ygeH	116	96	20
ygeI	47	45	3
pbl	29	26	7
ygeK	77	34	5
ygeL	12	9	1
ygeN	35	25	9
ygeO	78	35	9
insD4	968	656	378
insC4	513	431	159
ygeP	258	243	87
ygeQ	831	523	112
glyU	45	24	3
actS	1136	793	280
xdhA	3684	2075	278
xdhB	951	575	94
xdhC	733	398	70
ygeV	8209	7265	360
ygeW	1322	989	79
ygeX	1480	814	170
ygeY	1818	945	115
hyuA	1722	737	151
yqeA	1347	793	189
yqeB	6411	6794	159
yqeC	3525	4175	47
mocA	10528	9243	138
ygfK	4929	4217	468
ssnA	1523	839	109
ygfM	796	491	63
xdhD	3700	2314	488
xanQ	1566	826	175
guaD	1816	925	223
ghxQ	2134	1117	247
ygfS	634	351	62
ygfT	2719	1377	223
uacT	2344	1206	117
yqfG	54	24	4
yqfH	55	28	2
idi	1329	1353	346
lysS	3126	2437	5093
prfB	2963	2547	3443
recJ	3868	2743	2117
dsbC	1841	1757	1037
xerD	1944	1430	861
fldB	947	590	747
ygfX	628	363	523
sdhE	638	497	534
ygfZ	4303	4083	1877
yqfA	3834	5210	2280
yqfB	366	284	191
bglA	2332	1451	712
ygfF	1264	648	169
gcvP	3635	2100	675
gcvH	555	345	100
gcvT	1894	1135	335
yqfI	58	51	16
ubiI	2071	1219	2301
ubiH	2207	1674	4479
pepP	5175	4550	6016
ygfB	2188	1713	2422
zapA	8532	7631	4722
ssrS	22753	27417	29438
fau	869	555	2446
sibC	300	363	532
ibsC	0	0	0
serA	2643	1718	5956
rpiA	1344	853	1051
yqfE	286	142	24
argP	1323	806	495
scpA	2327	1086	381
argK	1358	648	105
scpB	496	283	63
scpC	1615	709	242
ygfI	1271	999	324
yggE	6989	4048	1435
argO	591	306	214
mscS	2961	2174	1752
fbaA	48069	39828	9872
pgk	14716	16426	3914
epd	3263	2761	1501
yggC	1194	748	804
fumE	860	495	612
yggF	1329	747	78
yggP	1623	892	84
cmtA	1748	924	108
cmtB	367	190	15
tktA	3489	2098	1663
loiP	9654	9870	432
speB	3511	4601	367
speA	7944	7967	3337
yqgB	74	37	64
yqgG	70	47	17
yqgC	132	82	15
yqgD	142	58	19
metK	1264	850	18115
galP	2275	1218	321
yggI	847	412	127
endA	1026	518	146
rsmE	1135	776	961
gshB	2136	1723	1985
yqgE	1502	1108	1224
yqgF	551	384	695
yggR	1668	763	143
yggS	889	490	283
yggT	1124	591	298
yggU	539	283	161
rdgB	1177	641	390
hemW	1619	855	549
yggM	1045	425	100
ansB	1057	1168	251
yggN	2020	3867	356
yggL	1343	1381	745
trmB	1656	1371	676
mutY	2002	1137	392
yggX	792	501	124
mltC	1523	872	356
nupG	3225	2534	205
speC	3074	1637	276
yqgH	358	177	28
yqgA	935	570	251
pheV	168	68	16
yghD	750	366	71
yghE	1109	714	650
yqhJ	0	0	0
yghF	1227	458	85
yghG	271	178	21
pppA	696	331	86
yghJ	5390	2754	826
glcA	4904	5452	254
glcB	5705	5206	771
glcG	1019	914	130
glcF	2560	2193	339
glcE	1799	1621	208
glcD	3502	3390	368
glcC	3918	3358	238
yghO	1476	923	122
insH9	2161	1669	594
yghQ	1572	764	154
yghR	1253	570	60
yghS	984	446	46
yghT	730	388	50
pitB	1999	978	133
gss	3629	2276	6987
yghU	2511	2319	615
hybG	446	278	186
hybF	260	130	121
hybE	487	260	282
hybD	886	551	404
hybC	1652	948	513
hybB	1782	968	188
hybA	1272	769	268
hybO	1329	1007	363
yghW	405	295	99
yghX	3622	3529	315
yqhI	38	14	1
gpr	13961	15895	276
yqhA	956	820	279
yghA	3845	3198	836
exbD	642	380	4043
exbB	1010	679	7098
metC	1167	650	1611
yghB	4058	4139	1691
yqhC	1124	670	356
yqhD	1812	1005	896
dkgA	8470	11476	957
yqhG	846	482	101
yqhH	505	232	58
ygiQ	3601	1925	1215
ftsP	3410	3155	1581
plsC	1027	810	729
parC	4582	2775	1337
ygiS	1865	1007	633
mqsA	2809	2245	1178
mqsR	2511	2188	1884
ygiV	635	408	536
ygiW	6982	11488	1934
qseB	778	350	90
qseC	1399	675	210
ygiZ	142	80	10
mdaB	1011	646	321
ygiN	2879	3474	1382
parE	3048	1897	3339
yqiA	1444	1146	1332
cpdA	4849	5521	2077
yqiB	803	551	434
nudF	1539	1172	606
tolC	7205	13752	2559
ygiB	12818	15735	1766
ygiC	5317	5549	1672
ygiD	1135	541	283
zupT	2738	2136	594
yqiD	321	406	138
ribB	12633	8227	1407
ubiK	1025	877	314
ygiL	387	243	31
yqiG	1498	953	195
insC5	0	0	0
insD5	0	0	0
yqiH	307	323	35
yqiI	768	605	108
glgS	4914	5490	748
yqiJ	448	276	83
yqiK	1911	900	270
sibD	176	227	99
ibsD	0	0	0
sibE	586	1062	218
ibsE	0	0	0
hldE	2772	1665	666
glnE	4637	2853	1349
ygiF	2059	1175	625
ygiM	1530	2808	342
cca	3519	5557	1825
bacA	1560	929	423
folB	457	205	67
plsY	1259	753	302
ttdR	1112	451	138
ttdA	1120	567	66
ttdB	1003	475	48
ttdT	2225	1092	261
tsaD	2550	1733	872
rpsU	1645	1477	8249
dnaG	5413	6542	4279
rpoD	44261	68128	18855
mug	1205	863	587
ileX	43	35	40
nfeF	902	445	660
nfeR	1657	998	1506
aer	2686	1557	364
patA	21195	14531	1602
ygjH	655	389	80
ebgR	1287	620	169
ebgA	3928	1756	264
ebgC	289	159	34
ygjI	1423	733	81
ygjJ	1279	654	74
ygjK	3388	1565	264
fadH	14973	25705	202
higA	1132	1337	139
higB	224	139	82
rlmG	1972	949	313
ygjP	883	435	172
ygjQ	720	311	59
ygjR	7957	8121	407
alx	1956	1673	805
sstT	4335	4637	1557
ygjV	571	295	202
uxaA	2107	1118	265
uxaC	2124	1080	203
exuT	2245	1241	428
exuR	3077	2456	3395
yqiM	154	81	317
yqjA	1281	874	1282
mzrA	856	490	626
yqjC	8659	6462	3164
yqjD	9018	6964	3284
yqjE	8553	6438	3156
yqjK	6216	5276	2649
yqjF	722	382	515
yqjG	13433	15014	793
yhaH	1678	2456	604
yhaI	731	520	35
yhaJ	1501	810	165
yhaK	944	510	106
yhaL	904	896	78
cyuA	2435	1156	285
cyuP	2163	1009	240
tdcG	2126	1194	202
tdcF	446	236	53
tdcE	2706	1327	232
tdcD	1058	549	51
tdcC	5	2	1
tdcB	1274	825	64
tdcA	707	512	31
tdcR	125	91	8
yhaB	249	161	24
yhaC	185	143	18
rnpB	359661	388474	1171920
garK	1834	1207	198
garR	1522	1252	108
garL	1056	527	63
garP	2124	1104	90
garD	3264	2189	253
prlF	789	562	594
yhaV	1834	1253	1365
agaR	962	573	988
kbaZ	1327	673	139
agaV	575	318	35
agaW	507	301	34
agaA	1479	830	92
agaS	1697	815	263
kbaY	786	467	78
agaB	215	127	31
agaC	542	271	34
agaD	856	395	73
agaI	724	353	64
yraH	478	251	67
yraI	683	373	54
yraJ	2745	1786	1343
yraK	1363	835	307
rsmI	1667	940	376
lpoA	2902	2369	2522
yraN	403	258	342
diaA	1203	900	677
dolP	1166	831	583
yraQ	1729	1031	618
yraR	1548	1555	172
yhbO	1370	1084	505
yhbP	971	513	228
yhbQ	403	213	179
yhbS	1104	830	382
ubiT	1239	933	451
ubiU	814	364	95
ubiV	1225	624	143
yhbW	1423	941	254
mtr	1864	1069	1030
deaD	4299	8180	23788
yrbN	130	236	758
nlpI	4728	6123	21777
pnp	6452	8662	6641
sraG	87	28	35
rpsO	1794	2349	3319
truB	1630	1726	2865
rbfA	1691	2010	2227
infB	17113	21038	18729
nusA	7578	8630	7413
rimP	1596	1679	2715
metY	243	135	1338
argG	2190	3423	12885
yhbX	1194	702	259
leuU	214	96	16
secG	1360	922	1167
glmM	3386	4020	1420
folP	1379	1558	431
ftsH	26426	39632	15906
rlmE	9445	14989	4291
yhbY	1487	2064	1651
greA	3235	4774	841
dacB	2220	1328	424
obgE	5390	7320	2543
yhbE	2600	3595	1021
rpmA	2269	3336	2223
rplU	2598	3801	2776
ispB	3337	2801	1128
sfsB	537	394	297
murA	2334	1888	1374
ibaG	479	507	345
mlaB	1427	1432	273
mlaC	3984	4679	710
mlaD	1605	1613	371
mlaE	1973	1672	309
mlaF	1973	1452	275
yrbG	1625	970	519
kdsD	1976	1704	1008
kdsC	3629	3306	1078
lptC	3087	2996	957
lptA	3765	3954	1375
lptB	3711	3635	1531
rpoN	8195	8138	3496
hpf	2470	2756	1173
ptsN	2326	2593	1664
rapZ	2615	2463	2982
npr	626	441	732
yrbL	1538	1912	2019
mtgA	1109	693	631
elbB	1290	925	522
arcZ	99	70	89
arcB	5208	3401	1607
yhcC	1261	586	103
gltB	5974	5883	56590
gltD	2190	2206	21077
gltF	352	224	62
yhcA	411	228	35
yhcD	1868	892	330
yhcE	886	414	156
insH10	0	0	0
yhcF	827	481	290
yhcG	1321	637	276
nanQ	1054	796	148
nanK	1259	1026	273
nanE	1086	887	167
nanT	2615	1713	236
nanA	1292	679	100
nanR	1177	702	541
dcuD	1879	1072	330
sspB	1725	1150	2306
sspA	3573	2746	4231
rpsI	2503	2057	3276
rplM	2640	2061	4332
zapE	2069	991	441
zapG	4715	4596	1598
degQ	2901	2327	769
degS	1153	623	388
mdh	21591	19088	3914
argR	1230	1647	1363
yhcN	401	381	661
yhcO	870	807	327
aaeB	2450	1112	446
aaeA	969	484	285
aaeX	350	259	190
aaeR	1699	1048	1031
tldD	6610	6070	1786
yhdP	6485	3849	1822
rng	2525	1968	1390
yhdE	696	590	778
mreD	658	523	374
mreC	1806	1104	981
mreB	2356	2642	2163
csrD	2496	2025	2007
yhdH	2343	2231	310
yrdF	309	222	25
yrdE	472	265	62
accB	958	764	782
accC	2089	1457	1854
yhdT	162	93	22
panF	1612	949	300
prmA	1729	1492	580
dusB	1383	1313	1137
fis	552	755	407
yhdJ	1106	486	55
yhdU	73	29	7
envR	459	265	29
acrE	1296	657	96
acrF	4730	2359	544
yhdV	516	274	519
yhdW	12084	19197	311
yhdX	2411	1797	129
yhdY	1604	1139	77
yhdZ	1502	965	108
rrfF	149	111	9
thrV	22	37	2
rrfD	115	62	5
rrlD	3385	2627	1310
alaU	25	13	300
ileU	65	29	12
rrsD	1708	1291	620
yrdA	1464	1080	534
yrdB	619	490	533
aroE	2471	1900	1738
tsaC	2447	2298	1607
yrdD	3537	3980	1626
smg	5569	7127	1506
smf	1722	1247	177
def	13762	13291	2166
fmt	8807	10814	3129
rsmB	3513	3912	3153
trkA	3429	2793	1851
mscL	5333	6457	646
arfA	172	97	183
zntR	500	510	1272
yhdN	494	465	903
rplQ	2936	2875	11632
rpoA	9393	10711	45791
rpsD	5922	7414	28543
rpsK	3646	5685	17061
rpsM	4457	6038	17771
rpmJ	1382	2126	9125
secY	15404	22985	43990
rplO	7127	9991	13673
rpmD	1652	2304	3746
rpsE	6149	8089	11225
rplR	3663	4510	7184
rplF	6722	8830	13079
rpsH	4816	5490	11215
rpsN	7510	8890	13747
rplE	9690	12647	20445
rplX	5904	7522	13599
rplN	7443	9656	16080
rpsQ	1025	2007	2712
rpmC	2743	3817	4761
rplP	3618	5844	7780
rpsC	5475	9561	13449
rplV	2409	4260	6087
rpsS	1481	2371	3727
rplB	4437	7323	10314
rplW	1731	2670	4182
rplD	2719	4502	6676
rplC	3368	5375	8452
rpsJ	2458	3967	6951
gspB	669	426	126
gspA	1797	997	149
gspC	570	477	418
gspD	2945	1667	1214
gspE	1622	862	534
gspF	1591	735	320
gspG	495	275	89
gspH	908	430	93
gspI	295	129	65
gspJ	841	373	124
gspK	1143	508	338
gspL	1228	588	388
gspM	904	564	129
gspO	1504	1257	516
bfr	8315	12166	1128
bfd	245	187	660
chiA	3563	2096	659
tufA	40122	68757	40218
fusA	53088	83492	49332
rpsG	12241	15973	12717
rpsL	9688	13145	10198
tusB	557	721	673
tusC	692	404	467
tusD	651	413	709
yheO	1468	1181	1405
fkpA	3901	7052	2272
slyX	877	734	156
slyD	4510	4588	2001
yheV	583	403	276
kefB	3341	2063	782
kefG	1195	682	380
yheS	3929	2323	980
yheT	1441	1103	363
yheU	498	399	104
prkB	2703	2002	815
yhfA	1206	956	408
crp	8748	8854	3725
yhfK	3071	1798	2451
argD	1815	1471	4104
yrfJ	6	2	0
pabA	973	864	214
fic	4026	5062	477
yhfG	1551	1649	76
ppiA	1837	1279	183
tsgA	2140	1072	534
nirB	3051	1425	358
nirD	212	111	26
nirC	736	369	49
cysG	2328	1314	349
yhfL	242	176	34
frlA	1748	809	97
frlB	1258	606	148
frlC	1192	508	64
frlD	1243	694	222
frlR	1436	694	342
yhfS	1722	888	222
yhfT	2191	990	253
yhfU	367	166	36
php	1031	487	90
yhfW	1789	961	93
yhfX	1449	748	57
yhfY	566	454	57
yhfZ	1798	1413	96
trpS	1844	1334	1903
gph	1237	929	902
rpe	1205	863	707
dam	933	733	891
damX	3334	4064	3940
aroB	3204	3469	2914
aroK	1436	1483	1689
hofQ	2185	1010	167
hofP	553	246	25
hofO	496	204	40
hofN	778	338	76
hofM	1203	603	177
mrcA	3712	1795	485
nudE	1015	582	485
igaA	4785	3453	985
yrfG	1873	2390	1364
hslR	1996	2660	867
hslO	4084	5970	1998
yhgE	2016	1168	347
pck	10342	11468	578
envZ	3539	3197	886
ompR	6008	7456	1313
greB	1477	1215	311
yhgF	3123	1565	748
feoA	274	246	1427
feoB	3284	2045	9050
feoC	271	126	687
rpnA	1081	605	199
bioH	1380	745	296
yhgH	1132	797	739
nfuA	4254	4506	6461
gntT	2136	1764	311
malQ	3363	2328	655
malP	3474	2335	466
malT	35995	81294	1210
rtcA	2431	1539	593
rtcB	2857	1796	292
rtcR	2213	1037	357
glpR	1103	599	525
glpG	1395	763	574
glpE	465	230	318
glpD	4501	3625	1871
yzgL	534	323	466
glgP	9130	18584	12880
glgA	5663	15534	9946
glgC	4732	13461	9383
glgX	7162	25760	17639
glgB	9892	34094	59090
yhgO	98	591	1465
yhgP	15	73	187
asd	8449	48046	71982
yhgN	734	411	145
gntU	2265	1303	229
gntK	636	530	103
gntR	2720	2560	1485
yhhW	1704	1722	886
yhhX	2628	2100	835
ryhB	124	57	7
yhhY	346	237	61
yhhZ	212	142	12
yrhA	261	166	13
insA6	0	0	0
insB6	0	0	0
yrhD	43	39	9
yrhB	422	415	89
ggt	4294	3479	282
yhhA	12118	13511	1513
ugpQ	1962	1989	814
ugpC	2880	2712	427
ugpE	1337	1098	80
ugpA	1996	1434	102
ugpB	10458	10080	433
livF	1721	1138	784
livG	1146	1064	708
livM	2953	2401	1168
livH	1437	1414	783
livK	2204	2784	1498
panZ	742	397	151
livJ	3706	3803	163
rpoH	9357	11491	13829
ftsX	2277	1897	1304
ftsE	1711	1462	961
ftsY	3056	1999	1373
rsmD	719	370	268
yhhL	393	224	105
yhhM	720	378	166
yhhN	1662	1145	428
zntA	3610	2176	497
tusA	765	403	627
yhhQ	1096	598	580
dcrB	2136	1644	1369
yhhS	1938	998	862
yhhT	1588	1407	461
acpT	1251	852	680
nikA	2376	1086	241
nikB	1256	631	173
nikC	1260	589	191
nikD	1138	613	753
nikE	1046	481	189
nikR	555	294	196
rhsB	4862	2739	610
yhhH	32	13	6
yrhC	74	42	11
yhhI	341	169	34
yhhJ	499	251	78
rbbA	1813	989	346
yhiI	1195	691	290
yhiY	184	138	86
yhiJ	330	186	49
yhiL	144	132	33
yhiM	389	266	46
yhiN	619	309	167
pitA	1481	1417	569
uspB	2700	2811	906
uspA	1989	1848	1023
yriA	3	1	0
yriB	0	0	0
dtpB	1377	1701	483
rsmJ	782	1035	382
prlC	5633	7957	1788
rlmJ	880	861	454
gor	2461	2123	1011
dinQ	237	336	644
agrA	81	41	25
agrB	54	24	3
arsR	89	50	59
arsB	706	342	77
arsC	321	215	44
yhiS	149	98	27
insH11	0	0	0
slp	960	184	360
dctR	160	82	53
yhiD	228	121	70
hdeB	427	171	112
hdeA	869	350	553
hdeD	344	171	67
arrS	462	97	101
gadE	1739	266	77
gadF	89	42	15
mdtE	471	219	88
mdtF	1629	750	421
gadW	2376	1211	331
gadY	647	337	55
gadX	3852	1990	710
gadA	1269	508	520
ccp	596	316	95
treF	1104	1025	1201
yhjB	395	229	135
rcdB	480	293	92
yhjD	2515	2332	427
yhjE	759	774	1085
yhjG	2723	2470	422
pdeH	402	155	30
kdgK	568	353	225
yhjJ	848	1037	490
dctA	2707	4172	210
pdeK	1345	1030	354
bcsC	1574	1137	707
bcsZ	502	219	52
bcsB	927	436	135
bcsA	1200	520	189
bcsQ	282	221	81
yhjR	394	574	77
bcsE	1943	2261	915
bcsF	84	58	37
bcsG	1152	959	267
ldrD	118	159	104
rdlD	105	96	66
yhjV	594	287	111
dppF	570	380	135
dppD	536	364	115
dppC	408	333	116
dppB	537	396	104
dppA	4293	6226	826
proK	47	29	1
eptB	980	1172	208
yhjX	788	380	119
yhjY	1207	1378	574
tag	563	452	370
yiaC	285	181	280
bisC	1094	620	445
yiaD	340	153	62
ghrB	556	313	201
yiaF	1012	1468	398
yiaG	3420	4333	373
cspA	1290	3077	5002
ysaE	12	7	0
mokA	4	3	0
hokA	0	0	0
insJ	112	60	21
insK	144	78	15
sokA	9	4	0
glyS	2913	4323	3084
glyQ	993	1780	708
ysaB	227	123	34
wecH	453	298	61
yiaA	115	52	26
yiaB	90	56	9
xylB	696	690	107
xylZ	16	13	1
xylA	890	672	117
xylF	585	359	33
xylG	631	443	139
xylH	722	438	49
xylR	463	314	138
bax	438	253	1349
baxL	3	4	2
malS	1157	577	169
avtA	921	817	1117
ysaA	195	107	157
plaR	445	252	171
yiaK	427	251	35
yiaL	95	67	12
yiaM	112	51	6
yiaN	569	226	31
yiaO	464	219	26
lyxK	1031	451	64
sgbH	258	128	28
sgbU	385	197	37
sgbE	300	188	29
ysaC	55	27	3
ysaD	85	34	12
yiaT	220	154	48
yiaU	554	593	191
yiaV	689	610	79
yiaW	253	380	8
aldB	18730	35865	60
yiaY	520	232	44
selB	1365	1272	535
selA	1132	1033	321
yibF	932	1974	102
rhsA	6961	4462	1218
yibA	674	1134	605
yibJ	999	859	385
yibG	163	138	68
yibS	113	59	23
yibW	118	89	16
yibV	73	75	4
yibU	154	115	26
yibH	1474	1124	117
yibI	546	371	64
mtlA	4180	5242	382
mtlD	3845	3847	948
mtlR	2009	2127	577
yibT	36111	30103	575
yibL	1114	890	275
lldP	10987	9830	245
lldR	3435	3840	124
lldD	7117	7792	375
trmL	786	443	430
cysE	2510	2161	2593
gpsA	3369	2792	1768
secB	3626	4040	925
grxC	585	667	279
yibN	525	608	354
gpmM	4054	2777	1201
envC	1732	898	481
yibQ	1314	664	660
waaH	1229	976	1774
tdh	0	0	0
kbl	978	881	498
htrL	432	522	290
rfaD	2016	2071	893
waaF	830	722	579
waaC	465	305	260
waaL	233	283	158
yibX	0	0	0
yibY	0	0	0
waaU	657	745	168
waaZ	490	546	118
waaY	433	530	86
waaJ	686	711	207
waaO	883	943	243
waaB	1128	1096	254
waaS	792	955	256
waaP	608	568	156
waaG	1202	1065	263
waaQ	1333	1450	316
rirA	46	31	7
waaA	1130	843	219
coaD	515	418	115
mutM	558	392	138
rpmG	523	452	611
rpmB	2352	2309	4982
yicR	677	439	157
dfp	848	603	276
dut	279	259	140
slmA	402	273	169
pyrE	447	214	35
rph	606	375	60
yicC	1407	1256	340
dinD	531	390	85
yicG	451	216	39
ligB	1086	621	142
gmk	1534	1994	1270
rpoZ	1038	1224	635
spoT	1644	1240	1473
trmH	342	198	161
recG	1342	712	520
gltS	802	542	447
xanP	747	375	180
yicH	2038	1484	447
yicI	1284	585	167
yicJ	826	455	78
selC	104	50	13
yicT	78	39	16
setC	474	276	35
yicL	743	475	163
yicU	0	0	0
nlpA	671	682	413
yicS	173	200	43
nepI	915	501	155
yicN	367	219	68
adeQ	513	304	35
adeD	1287	896	126
uhpU	10	2	0
uhpT	563	276	47
uhpC	1101	536	95
uhpB	718	442	198
uhpA	586	840	218
ilvN	710	796	26
ilvB	3316	4041	241
ivbL	274	267	15
istR	133	73	15
tisB	1371	2209	597
ysdE	26	12	2
emrD	635	327	141
yidF	175	154	46
yidG	221	153	64
yidH	291	287	123
yidI	350	207	58
yidJ	718	385	90
yidK	927	470	59
yidL	329	202	42
glvG	413	199	62
glvB	297	145	14
glvC	655	304	53
yidP	503	261	43
yidE	1548	991	194
ibpB	472	525	758
ibpA	760	944	1512
yidQ	1109	1358	514
yidR	1028	606	451
cbrA	530	226	26
dgoT	775	336	40
dgoD	814	457	83
dgoA	380	200	55
dgoK	584	341	116
dgoR	469	284	131
yidX	222	131	89
yidA	709	405	352
yidB	231	197	51
gyrB	2495	2754	3151
recF	607	367	371
dnaN	1210	1124	1377
dnaA	1663	1900	2836
ysdD	263	185	31
rpmH	716	785	790
rnpA	166	93	422
yidD	125	98	107
yidC	1080	1177	1149
mnmE	960	612	375
tnaC	388	177	4
tnaA	11228	4396	35
tnaB	1714	762	39
mdtL	632	312	45
yidZ	540	273	161
yieE	381	315	851
yieF	380	254	745
adeP	836	516	587
yieH	405	194	166
cbrB	162	95	56
cbrC	288	150	47
yieK	488	243	41
yieL	491	230	55
bglH	631	300	33
bglB	595	309	31
bglF	1145	580	215
bglG	236	135	17
phoU	632	552	634
pstB	691	529	704
pstA	703	448	525
pstC	752	437	334
pstS	599	415	424
glmS	6598	6363	8544
glmU	3625	4264	9327
atpC	676	701	502
atpD	1653	2068	1407
atpG	1078	1171	701
atpA	2233	2510	1366
atpH	686	725	286
atpF	934	1060	417
atpE	553	652	225
atpB	829	949	453
atpI	311	279	146
rsmG	255	193	309
mnmG	1329	868	1502
mioC	283	272	835
asnC	153	138	68
asnA	506	308	11465
viaA	802	580	1127
ravA	1131	1219	321
kup	1374	979	312
rbsD	2103	2758	104
rbsA	1881	1563	75
rbsC	1433	1001	69
rbsB	2835	2344	82
rbsZ	96	81	10
rbsK	566	377	193
rbsR	273	128	60
hsrA	524	359	205
yieP	533	452	274
rrsC	1408	1075	537
gltU	27	28	51
rrlC	2979	2390	1347
rrfC	39	27	7
aspT	26	22	1
trpT	24	20	6
hdfR	509	287	242
maoP	155	205	124
yifB	786	363	93
ilvL	149	83	19
ilvX	26	15	3
ilvG	740	529	294
ilvM	68	26	13
ilvE	615	326	222
ilvD	895	522	371
ilvA	701	455	482
ilvY	568	365	151
ilvC	1047	2017	2345
ppiC	178	122	164
yifN	351	231	153
rep	1253	666	449
gpp	1025	667	1576
rhlB	1693	1837	1480
trxA	2542	3195	1674
rhoL	277	252	715
rho	1494	1258	4418
rfe	771	595	494
wzzE	665	491	432
wecB	508	350	324
wecC	558	360	374
rffG	544	308	364
rffH	557	382	318
rffC	253	149	140
wecE	726	677	508
wzxE	585	466	382
wecF	734	492	330
wzyE	865	535	128
rffM	506	438	123
yifK	994	725	128
argX	328	246	32
hisR	85	74	49
leuT	41	46	29
proM	74	32	3
aslB	566	236	58
aslA	699	427	135
glmZ	141	143	63
hemY	1389	1309	328
hemX	1873	2062	433
hemD	1036	844	321
hemC	2236	1759	904
cyaA	8472	7171	12020
cyaY	57	54	296
yzcX	154	99	113
yifL	649	632	354
dapF	1316	1145	749
yigA	539	412	378
xerC	629	435	423
yigB	366	229	250
uvrD	2196	2136	2134
yigE	423	185	146
ysgD	53	28	39
corA	874	545	246
yigF	38	25	16
yigG	26	24	10
rarD	458	330	95
yigI	523	418	223
pldA	374	194	100
recQ	903	545	207
rhtC	15847	17630	13839
rhtB	1074	1146	3729
pldB	704	479	1530
yigL	413	256	749
bioP	338	241	397
metR	261	164	961
metE	1361	797	641
ysgA	1496	2111	565
udp	1711	2535	234
rmuC	794	673	181
ubiE	767	809	428
ubiJ	341	300	226
esrE	0	0	0
ubiB	993	787	376
tatA	553	590	230
tatB	500	375	419
tatC	515	330	288
tatD	454	249	192
rfaH	258	182	159
ubiD	2492	2178	1985
fre	1297	1270	1446
fadA	4162	7617	255
fadB	6380	8875	114
pepQ	1918	1620	806
yigZ	535	321	288
trkH	1254	1043	595
hemG	461	406	251
rrsA	1333	923	477
ileT	40	15	9
alaT	22	14	336
rrlA	3085	2520	1265
rrfA	117	74	14
mobB	265	140	46
mobA	283	196	81
yihD	276	222	228
srkA	799	682	316
dsbA	775	1069	288
yihF	459	240	81
yihG	327	192	66
polA	2240	1906	814
spf	49	23	18
yihA	769	542	227
csrC	735	1625	526
yihI	1148	1175	265
hemN	1495	1201	515
yshB	548	469	1161
glnG	1185	1020	2934
glnL	819	640	1794
glnA	763	583	13204
bipA	1565	1652	2895
yihL	641	453	76
yihM	529	372	46
yihN	336	196	28
ompL	173	133	34
yihO	486	255	48
yihP	694	303	42
yihQ	973	490	95
yihR	361	172	23
yihS	542	269	47
yihT	351	225	37
yihU	367	148	46
yihV	441	254	84
csqR	672	580	129
yihX	683	995	161
yihY	705	646	296
dtd	450	378	175
fabY	975	881	269
yiiE	42	21	12
yiiF	168	110	44
fdhE	1020	1071	493
fdoI	1006	1286	295
fdoH	1610	2352	516
fdoG	8836	11989	3748
fdhD	679	485	289
yiiG	324	207	59
frvR	665	266	49
frvX	557	244	47
frvB	693	336	45
frvA	193	99	14
rhaM	111	61	16
rhaD	414	204	41
rhaA	736	346	58
rhaB	670	277	39
rhaS	434	244	43
rhaR	487	262	43
rhaT	672	362	85
sodA	3154	3059	3283
kdgT	597	507	71
yiiM	480	364	112
cpxA	1066	912	1122
cpxR	584	845	772
cpxP	2775	2361	300
cpxQ	9	5	2
fieF	1037	849	503
pfkA	4450	5527	1671
sbp	617	303	101
cdh	266	138	71
tpiA	2209	1572	913
yiiQ	338	148	63
yiiR	287	174	115
yiiS	697	690	1051
uspD	1356	1282	1440
fpr	1004	713	354
glpX	698	521	163
glpK	1515	1725	227
glpF	729	589	107
zapB	1428	1225	1326
rraA	1221	1411	816
menA	489	617	129
hslU	6286	10634	4638
hslV	2075	3791	1304
ftsN	959	1021	577
cytR	492	306	140
priA	847	480	611
rpmE	5442	6399	2504
yiiX	338	161	503
metJ	326	330	1302
metB	632	339	999
metL	1252	950	3273
metF	396	220	1275
katG	3256	4162	1148
yijE	521	268	159
yijF	429	194	60
gldA	1216	1068	119
fsaB	295	211	32
ptsA	1215	526	84
frwC	524	308	38
frwB	272	135	8
pflD	814	522	145
pflC	425	223	49
frwD	272	144	31
yijO	376	173	91
eptC	686	469	592
ppc	18345	21837	32707
argE	1223	1175	1722
argC	547	730	4710
argB	539	696	3327
argH	818	1418	7849
oxyS	14	18	28
oxyR	1218	765	608
sthA	1828	1132	1169
fabR	1272	1204	323
yijD	1504	1968	331
trmA	2413	2932	643
btuB	1345	1289	302
murI	724	602	673
rrsB	1381	1059	489
gltT	99	100	1049
rrlB	3240	2523	1306
rrfB	161	82	39
murB	451	327	341
birA	497	293	183
coaA	376	317	171
thrU	163	91	46
tyrU	399	297	135
glyT	143	140	27
thrT	148	161	76
tufB	13732	20122	10450
secE	2207	2443	821
nusG	2207	2332	739
rplK	1669	1632	7250
rplA	3496	3583	14559
rplJ	5942	6266	15246
rplL	5751	6678	11298
rpoB	24011	39757	44388
rpoC	23005	39877	50457
yjaZ	257	185	160
sroH	33	23	26
thiH	514	263	123
thiG	348	166	70
thiS	46	34	12
thiF	276	140	65
thiE	237	133	59
thiC	821	367	208
rsd	4784	5360	284
nudC	1043	899	257
hemE	1181	856	361
nfi	607	620	256
yjaG	507	340	278
hupA	1794	948	289
yjaH	258	129	78
zraP	175	93	35
zraS	874	418	54
zraR	694	325	178
purD	675	360	188
purH	805	396	224
rrsE	1414	950	461
gltV	34	26	51
rrlE	3173	2518	1314
rrfE	38	26	3
yjaA	173	112	44
yjaB	258	166	73
metA	424	240	948
aceB	25533	30505	8268
aceA	35110	47816	7779
aceK	6528	10603	1985
aceK-int	0	0	0
arpA	414	248	60
iclR	1067	589	122
metH	3024	2873	1177
yjbB	1698	1409	269
pepE	565	355	84
rluF	522	306	215
yjbD	431	445	693
lysC	938	3771	11270
pgi	3978	3653	3342
yjbE	80	107	73
yjbF	211	85	12
yjbG	259	160	34
yjbH	954	475	155
yjbT	152	53	36
psiE	162	109	368
xylE	802	453	480
malH	69	39	13
malG	456	565	57
malF	756	423	85
malE	650	497	63
malK	673	425	45
lamB	705	471	106
malM	775	1857	168
yjbI	135	101	15
ubiC	1357	1131	206
ubiA	2277	2069	367
plsB	4341	6035	1044
dgkA	247	238	106
lexA	3478	4307	433
dinF	841	726	289
yjbJ	1131	1366	1194
zur	318	214	211
yjbL	27	15	7
yjbM	128	73	17
dusA	413	236	149
pspG	1203	1065	117
pspH	95	78	9
qorA	1641	1569	326
dnaB	664	383	423
alr	775	453	388
tyrB	679	416	503
yjbS	17	7	3
aphA	457	440	58
yjbQ	519	421	698
yjbR	491	476	537
uvrA	3434	6150	5266
ssb	947	1178	750
yjcB	106	94	2133
pdeC	2028	1682	103
soxS	1476	1219	38
soxR	398	272	570
ryjA	97	44	83
ghxP	776	356	422
yjcE	864	457	383
yjcF	80	80	13
actP	10406	22877	89
yjcH	3177	6716	13
acs	55067	119916	162
ytcB	56	32	25
nrfA	622	269	50
nrfB	217	96	18
nrfC	292	129	38
nrfD	637	318	41
nrfE	865	375	51
nrfF	246	102	17
nrfG	222	95	13
gltP	689	376	281
yjcO	684	563	383
fdhF	963	577	306
mdtP	552	272	47
mdtO	870	378	126
mdtN	345	151	61
ytcA	76	30	3
yjcS	858	390	72
alsK	467	279	82
alsE	296	118	31
alsC	371	166	57
alsA	496	242	55
alsB	343	181	30
alsR	520	324	102
rpiB	230	132	43
yjdP	147	109	79
phnP	453	287	115
phnO	345	300	64
phnN	236	158	60
phnM	738	336	106
phnL	385	177	92
phnK	458	232	61
phnJ	364	134	38
phnI	724	391	69
phnH	180	69	34
phnG	247	168	27
phnF	376	182	60
phnE	697	345	61
phnD	532	266	24
phnC	235	141	45
yjdN	1123	820	133
yjdM	607	643	117
rdcA	1483	1176	96
rdcB	566	354	43
proP	1267	1324	5078
pmrR	39	37	75
basS	1037	870	161
basR	784	791	72
eptA	823	525	68
adiC	657	336	123
adiY	183	103	272
adiA	838	483	224
melR	1247	1302	91
melA	2491	5118	128
melB	1264	2280	191
yjdF	282	184	77
fumB	861	514	113
dcuB	727	403	76
dcuR	529	289	133
dcuS	658	395	201
yjdI	363	249	41
yjdJ	586	433	55
ghoS	73	27	41
ghoT	33	33	23
lysU	639	500	1812
dtpC	424	251	350
cadA	703	712	701
cadB	260	201	1101
cadC	0	0	0
yjdQ	0	0	0
pheU	0	0	0
yjdC	0	0	0
dsbD	0	0	1
cutA	0	0	0
dcuA	0	0	0
aspX	85	116	31
aspA	29174	25036	2026
fxsA	3579	5749	2034
yjeH	776	539	551
groS	5546	6115	1112
groL	31893	45801	6817
yjeI	633	1093	388
yjeJ	272	193	178
epmB	567	411	205
efp	1116	753	541
ecnA	65	44	43
ecnB	454	730	254
gdx	270	223	294
blc	1412	1475	195
ampC	610	381	58
frdD	791	1104	133
frdC	665	1153	113
frdB	1121	1815	233
frdA	3587	5674	868
epmA	532	331	228
yjeM	640	415	172
yjeN	165	78	22
yjeO	219	104	31
mscM	1658	957	581
psd	1272	1222	787
rsgA	1103	1116	688
orn	603	385	138
glyV	268	205	490
glyX	71	39	147
glyY	18	16	55
yjeV	8	5	24
queG	1147	1014	785
nnr	3377	3472	702
tsaE	726	878	290
amiB	2116	2438	900
mutL	1995	1739	1260
miaA	5212	6269	4549
hfq	3354	4151	1935
hflX	6052	6699	3417
hflK	5622	6936	3560
hflC	2059	2285	1649
yjeT	66	60	25
purA	1511	1986	9990
nsrR	274	260	285
rnr	3129	3538	3464
rlmB	539	506	496
yjfI	44	24	6
yjfJ	317	146	22
yjfK	213	93	19
yjfL	133	64	13
yjfM	228	147	20
yjfC	377	173	48
aidB	1474	1232	322
yjfN	13065	9857	116
bsmA	15613	13755	125
yjfP	416	338	142
ulaR	478	264	98
ulaG	585	326	61
ulaA	706	417	37
ulaB	221	121	19
ulaC	245	136	28
ulaD	308	203	47
ulaE	424	251	62
ulaF	625	321	40
yjfY	163	127	44
rpsF	890	1119	2127
priB	548	555	1280
rpsR	459	542	805
rplI	874	963	2281
yjfZ	186	96	33
ytfA	146	69	17
ytfB	1520	1386	230
fklB	538	396	141
cycA	2490	3762	662
ytfE	312	147	207
ytfF	643	561	82
qorB	386	264	262
ytfH	258	286	233
cpdB	1527	1118	444
cysQ	4256	4286	682
ytfI	328	326	27
ytfJ	4555	4873	64
ytfK	10228	17959	640
paeA	829	876	407
msrA	1281	1152	212
tamA	1203	874	465
tamB	2270	1691	844
ytfP	375	223	266
chpS	207	184	110
chpB	193	151	134
ppa	2222	2400	779
ytfQ	6904	10723	180
ytfR	3073	5164	124
ytfT	1291	2591	45
yjfF	1144	2031	74
fbp	1164	1239	461
mpl	823	492	617
yjgA	1559	1365	389
tldE	1832	1747	542
cybC	935	768	147
nrdG	245	381	75
nrdD	2168	6588	510
treC	685	336	61
treB	587	286	86
treR	411	257	210
mgtL	30	12	5
mgtA	1392	740	207
ridA	448	401	510
pyrI	232	120	48
pyrB	446	176	91
pyrL	248	171	54
yjgH	473	372	38
bdcA	286	279	84
bdcR	258	169	74
tabA	253	237	103
yjgL	170	134	60
argI	614	472	1662
rraB	1336	2038	853
yjgM	228	152	121
yjgN	178	101	19
valS	3557	4851	3906
holC	664	730	189
pepA	4798	5945	916
ytgB	15	14	4
ytgA	24	17	6
lptF	1244	1472	564
lptG	1451	1332	849
yjgR	1796	1802	190
idnR	414	241	149
idnT	482	254	90
idnO	367	234	24
idnD	428	377	31
idnK	195	108	37
ahr	2329	2253	179
leuX	110	71	9
intB	1197	1300	189
insC6	555	433	195
insD6	1102	697	446
yjgX	728	515	739
yjgZ	177	91	43
insG	693	414	187
nanX	296	274	39
nanY	353	254	39
ythA	15	16	1
yjhD	49	36	12
yjhE	57	31	7
insO	373	225	146
insI3	0	0	0
insM	0	0	0
yjhV	107	68	33
fecE	466	192	113
fecD	425	175	113
fecC	373	158	85
fecB	439	234	199
fecA	999	498	893
fecR	285	143	1109
fecI	234	94	945
ykiE	31	20	16
insA7	92	76	104
insB7	242	115	147
yjhU	877	604	699
yjhF	573	336	117
yjhG	1268	941	309
yjhH	554	340	99
yjhI	384	294	12
sgcR	482	645	99
sgcE	549	935	94
sgcA	447	859	63
ryjB	65	96	2
sgcQ	1897	4759	385
sgcC	2091	5572	135
sgcB	476	1332	23
sgcX	1809	4004	175
yjhY	504	409	390
yjhP	438	192	63
yjhQ	310	185	34
topAI	132	55	37
yjhZ	217	96	57
yjhR	411	224	40
ythB	27	12	8
nanS	325	244	72
nanM	693	528	167
nanC	191	92	13
fimB	196	134	20
fimE	192	122	38
fimA	9	475	4865
fimI	825	184	322
fimC	396	111	105
fimD	1155	477	146
fimF	262	134	30
fimG	241	107	51
fimH	579	349	183
gntP	859	426	78
uxuA	1351	734	138
uxuB	1344	720	211
uxuR	553	402	353
yjiC	97	66	15
ytiC	6	4	0
ytiD	199	532	412
idlP	41	86	70
iraD	507	1071	507
hypT	554	320	542
iadA	517	289	314
yjiG	162	71	49
yjiH	286	138	57
kptA	275	146	129
yjiJ	596	366	245
yjiK	281	166	86
ytiA	117	100	37
yjiL	365	311	85
yjiM	1033	1059	161
yjiN	1385	1229	359
mdtM	614	453	294
ytiE	82	42	45
rpnD	501	280	112
yjiR	647	318	443
yjiS	82	54	15
yjiT	488	313	177
yjiV	1228	783	525
mcrC	162	97	58
mcrB	208	143	96
symE	121	77	27
symR	15	12	1
hsdS	403	289	147
hsdM	795	594	403
hsdR	4633	4950	1019
mrr	478	265	138
yjiA	612	390	186
yjiX	50	48	22
btsT	1049	518	167
tsr	851	374	178
lgoT	1246	816	205
lgoR	540	340	24
lgoD	536	263	47
opgB	1393	1049	142
yjjA	518	318	344
dnaC	756	656	433
dnaT	486	494	361
yjjB	253	116	53
yjjP	308	156	41
yjjQ	186	107	27
bglJ	235	118	352
fhuF	241	289	3100
yjjZ	79	48	508
leuV	13	8	15
leuP	11	23	31
leuQ	43	19	55
rsmC	602	369	687
holD	230	116	202
rimI	447	365	260
yjjG	921	1035	504
prfC	1047	934	741
osmY	4624	3653	3165
ytjA	1302	1201	432
yjjU	498	384	406
yjjV	273	171	230
yjjW	351	192	84
yjjI	1079	1051	198
deoC	2032	2627	414
deoA	2903	3850	805
deoB	7279	10603	13452
deoD	4368	5437	3572
yjjJ	1265	1283	250
lplA	706	485	151
ytjB	408	276	138
serB	567	464	147
radA	928	705	273
nadR	1585	1631	879
ettA	6678	6506	1575
slt	2478	4612	780
trpR	267	326	150
yjjX	305	159	179
ytjC	440	397	266
rob	2972	2877	1348
creA	232	162	75
creB	412	216	52
creC	868	372	145
creD	637	325	83
arcA	21522	26616	2868
yjjY	5675	4722	490
ytjE	297	244	74
yjtD	659	481	541